00000.ppm;774;412;813;446
00000.ppm;464;439;487;465
00000.ppm;648;488;687;539
00001.ppm;974;336;1032;388
00001.ppm;386;494;441;551
00001.ppm;984;386;1025;431
00002.ppm;894;481;1005;593
00002.ppm;471;332;522;380
00002.ppm;473;338;554;416
00002.ppm;745;333;802;396
00003.ppm;742;443;766;467
00003.ppm;742;466;766;488
00003.ppm;738;411;769;442
00004.ppm;906;407;953;459
00004.ppm;897;342;964;409
00005.ppm;1171;164;1285;275
00006.ppm;925;350;989;411
00007.ppm;826;406;865;444
00008.ppm;784;459;811;486
00008.ppm;779;425;815;461
00009.ppm;924;466;949;490
00009.ppm;526;457;552;482
00010.ppm;1191;358;1267;433
00011.ppm;719;337;770;397
00011.ppm;711;262;780;342
00012.ppm;980;365;1034;416
00013.ppm;1043;282;1118;354
00014.ppm;713;489;734;511
00015.ppm;768;427;807;461
00016.ppm;898;422;959;481
00016.ppm;862;516;997;650
00017.ppm;908;307;1031;408
00017.ppm;914;326;1041;434
00018.ppm;951;455;981;486
00019.ppm;844;422;890;465
00019.ppm;834;361;899;427
00019.ppm;596;29;1219;571
00020.ppm;824;427;861;463
00020.ppm;783;445;801;465
00020.ppm;821;427;842;449
00021.ppm;824;388;878;436
00021.ppm;1067;243;1123;305
00021.ppm;99;355;135;394
00021.ppm;290;121;378;200
00022.ppm;666;472;691;496
00022.ppm;1121;19;1252;151
00023.ppm;996;292;1074;370
00023.ppm;942;433;1006;491
00023.ppm;45;353;134;444
00023.ppm;997;543;1060;612
00023.ppm;996;515;1071;596
00024.ppm;111;463;143;491
00025.ppm;729;422;774;460
00025.ppm;953;327;1031;399
00025.ppm;140;354;189;408
00025.ppm;210;381;269;432
00026.ppm;453;410;492;452
00026.ppm;293;348;354;410
00026.ppm;857;311;923;401
00026.ppm;397;428;420;451
00027.ppm;101;376;157;430
00027.ppm;969;386;1024;441
00028.ppm;773;397;836;452
00028.ppm;1185;368;1227;404
00028.ppm;388;466;418;492
00029.ppm;1091;395;1133;435
00029.ppm;250;303;282;337
00029.ppm;918;464;953;499
00029.ppm;382;348;439;396
00030.ppm;1249;393;1274;419
00030.ppm;392;511;418;536
00030.ppm;867;459;890;480
00031.ppm;596;455;629;487
00031.ppm;762;428;808;472
00032.ppm;1178;482;1209;509
00032.ppm;682;469;703;492
00032.ppm;674;441;706;467
00033.ppm;21;505;87;569
00034.ppm;867;429;898;460
00035.ppm;679;436;712;468
00035.ppm;264;475;300;514
00035.ppm;965;525;1007;576
00036.ppm;1135;395;1165;424
00036.ppm;1138;423;1164;450
00037.ppm;667;527;690;547
00037.ppm;453;528;483;553
00037.ppm;516;527;530;545
00038.ppm;1120;445;1142;463
00038.ppm;46;439;69;466
00039.ppm;936;163;1023;251
00039.ppm;952;252;1014;314
00039.ppm;922;220;980;276
00040.ppm;1039;312;1130;398
00040.ppm;1015;203;1143;312
00041.ppm;998;484;1030;517
00041.ppm;1312;257;1337;283
00042.ppm;912;301;996;375
00042.ppm;1042;104;1198;268
00042.ppm;1309;383;1341;440
00042.ppm;1075;428;1106;456
00043.ppm;1034;292;1096;357
00043.ppm;1045;356;1088;403
00043.ppm;109;444;142;478
00043.ppm;570;529;789;688
00043.ppm;71;354;111;395
00044.ppm;750;402;783;432
00044.ppm;441;359;469;391
00045.ppm;176;504;240;596
00045.ppm;846;429;894;481
00046.ppm;1050;129;1161;244
00046.ppm;1109;177;1166;237
00047.ppm;552;463;579;489
00047.ppm;12;15;83;92
00048.ppm;768;403;818;444
00048.ppm;340;524;379;562
00048.ppm;780;443;812;474
00049.ppm;991;396;1025;431
00049.ppm;983;349;1029;398
00050.ppm;940;337;974;373
00050.ppm;944;374;967;400
00050.ppm;1186;182;1216;215
00051.ppm;209;505;238;537
00051.ppm;959;206;1043;289
00051.ppm;954;159;1053;288
00051.ppm;509;460;539;489
00052.ppm;331;290;374;332
00052.ppm;826;279;879;329
00052.ppm;832;352;870;388
00053.ppm;765;438;800;471
00053.ppm;1155;333;1197;372
00053.ppm;1182;301;1229;345
00054.ppm;1117;473;1146;501
00054.ppm;1115;438;1150;471
00054.ppm;972;442;999;467
00054.ppm;456;519;477;539
00055.ppm;702;414;745;454
00055.ppm;457;208;481;231
00056.ppm;728;435;761;467
00057.ppm;990;419;1035;465
00057.ppm;1;178;79;284
00058.ppm;786;393;824;436
00058.ppm;1041;474;1072;500
00059.ppm;795;401;850;455
00059.ppm;991;384;1047;445
00059.ppm;840;484;890;532
00060.ppm;818;441;843;465
00060.ppm;294;508;320;534
00061.ppm;1224;333;1286;392
00063.ppm;856;418;887;447
00064.ppm;785;447;807;469
00065.ppm;974;378;1021;425
00066.ppm;567;483;617;537
00066.ppm;862;490;895;524
00067.ppm;949;434;980;463
00068.ppm;845;457;872;480
00068.ppm;517;364;565;406
00068.ppm;832;467;857;495
00069.ppm;223;425;262;466
00070.ppm;944;293;1030;373
00070.ppm;1036;432;1072;466
00071.ppm;793;473;824;500
00071.ppm;795;502;823;528
00071.ppm;787;436;831;473
00072.ppm;836;455;858;477
00073.ppm;727;475;750;496
00073.ppm;726;456;749;476
00073.ppm;722;430;751;456
00073.ppm;427;451;451;477
00074.ppm;929;378;981;430
00074.ppm;382;528;423;569
00074.ppm;437;403;486;451
00074.ppm;587;512;611;537
00075.ppm;1129;406;1180;455
00075.ppm;1119;347;1187;410
00075.ppm;915;500;954;543
00076.ppm;789;471;815;494
00076.ppm;786;439;819;470
00077.ppm;952;350;1014;410
00077.ppm;961;407;1013;454
00077.ppm;953;373;1015;456
00078.ppm;1211;207;1319;306
00078.ppm;798;462;822;481
00078.ppm;1212;227;1326;344
00079.ppm;440;480;460;504
00079.ppm;761;458;791;488
00080.ppm;829;382;881;431
00081.ppm;964;229;1046;297
00082.ppm;381;525;434;579
00082.ppm;245;492;332;579
00083.ppm;1052;204;1153;297
00083.ppm;1070;300;1136;364
00083.ppm;130;493;214;580
00084.ppm;707;524;734;551
00084.ppm;989;391;1031;430
00085.ppm;845;428;877;459
00085.ppm;455;364;483;394
00086.ppm;941;294;1007;364
00087.ppm;304;418;342;458
00087.ppm;906;432;949;472
00088.ppm;409;464;436;489
00088.ppm;410;438;436;465
00088.ppm;955;463;984;489
00088.ppm;956;438;983;465
00089.ppm;1025;438;1055;467
00089.ppm;634;446;661;474
00090.ppm;965;428;1009;465
00091.ppm;506;381;555;422
00091.ppm;867;441;900;469
00091.ppm;1055;375;1099;416
00091.ppm;517;485;553;521
00092.ppm;419;419;446;447
00092.ppm;423;449;443;470
00092.ppm;813;423;832;441
00092.ppm;717;436;743;464
00092.ppm;93;420;115;443
00092.ppm;415;504;446;536
00093.ppm;342;398;379;434
00093.ppm;1075;338;1120;388
00094.ppm;947;370;997;419
00094.ppm;112;315;191;391
00094.ppm;949;417;990;456
00095.ppm;697;458;719;481
00095.ppm;908;660;1037;754
00095.ppm;694;442;720;471
00095.ppm;694;438;722;462
00096.ppm;1128;373;1178;421
00096.ppm;1139;421;1177;459
00096.ppm;700;395;738;434
00096.ppm;685;344;750;397
00097.ppm;1124;337;1169;378
00097.ppm;288;326;335;370
00097.ppm;148;446;196;499
00098.ppm;1206;242;1297;318
00098.ppm;593;286;668;352
00099.ppm;909;498;951;533
00100.ppm;859;506;903;543
00100.ppm;414;506;451;543
00101.ppm;834;403;890;461
00102.ppm;930;313;994;365
00102.ppm;943;373;983;418
00102.ppm;1173;440;1211;478
00102.ppm;956;416;979;438
00102.ppm;770;645;813;687
00103.ppm;846;347;895;395
00103.ppm;855;395;891;431
00103.ppm;1172;456;1199;478
00103.ppm;164;267;197;304
00104.ppm;694;462;729;490
00104.ppm;764;460;809;502
00105.ppm;957;377;1024;439
00105.ppm;254;436;304;483
00106.ppm;904;367;985;446
00106.ppm;358;516;398;562
00107.ppm;490;536;529;575
00107.ppm;483;481;544;538
00109.ppm;991;484;1021;514
00110.ppm;930;489;954;513
00111.ppm;350;502;382;535
00111.ppm;1090;465;1124;497
00111.ppm;319;454;382;502
00112.ppm;1187;475;1225;513
00112.ppm;365;473;398;507
00112.ppm;303;441;361;498
00113.ppm;350;410;421;483
00114.ppm;1168;423;1230;483
00115.ppm;849;223;953;317
00115.ppm;330;523;352;544
00115.ppm;332;438;362;473
00116.ppm;175;478;198;499
00116.ppm;1077;254;1136;313
00116.ppm;379;471;400;498
00116.ppm;698;466;725;492
00116.ppm;1003;486;1019;503
00116.ppm;494;416;529;447
00116.ppm;1170;322;1224;376
00117.ppm;435;501;496;559
00117.ppm;99;426;134;465
00117.ppm;586;417;609;441
00118.ppm;230;505;284;565
00119.ppm;1083;392;1118;430
00119.ppm;844;470;874;495
00119.ppm;477;502;507;531
00119.ppm;1059;454;1078;473
00119.ppm;504;412;532;440
00119.ppm;183;440;222;480
00119.ppm;371;454;398;482
00119.ppm;368;439;401;478
00120.ppm;57;241;164;343
00120.ppm;834;432;867;455
00121.ppm;91;309;185;412
00122.ppm;883;497;906;518
00123.ppm;519;493;552;524
00123.ppm;1102;483;1134;515
00123.ppm;963;501;985;522
00124.ppm;532;482;559;506
00124.ppm;978;471;1003;495
00125.ppm;1018;311;1106;401
00126.ppm;379;363;412;394
00126.ppm;840;373;868;403
00126.ppm;377;419;404;449
00126.ppm;444;421;464;443
00127.ppm;1007;378;1048;418
00127.ppm;137;385;177;425
00128.ppm;1146;395;1179;432
00128.ppm;357;330;406;376
00129.ppm;962;377;1010;427
00129.ppm;864;399;904;438
00129.ppm;367;173;435;231
00129.ppm;1016;374;1067;421
00130.ppm;206;426;237;454
00130.ppm;600;431;627;458
00130.ppm;320;439;344;465
00130.ppm;469;305;545;359
00130.ppm;986;361;1010;383
00131.ppm;475;389;501;415
00131.ppm;1009;431;1035;455
00131.ppm;404;333;438;367
00132.ppm;1039;294;1078;335
00132.ppm;309;304;392;379
00132.ppm;805;462;827;481
00133.ppm;840;409;861;431
00133.ppm;841;431;859;450
00133.ppm;504;412;523;432
00133.ppm;552;451;573;474
00133.ppm;564;424;589;448
00134.ppm;1008;299;1073;362
00134.ppm;426;99;523;209
00135.ppm;719;298;778;355
00135.ppm;870;299;927;360
00136.ppm;815;400;856;437
00136.ppm;1030;286;1064;319
00136.ppm;513;479;539;500
00137.ppm;825;322;891;385
00138.ppm;158;181;235;267
00138.ppm;973;336;1043;392
00138.ppm;1303;398;1337;430
00140.ppm;247;473;276;501
00141.ppm;856;379;894;416
00142.ppm;812;454;839;474
00143.ppm;245;187;311;256
00143.ppm;544;416;616;470
00144.ppm;707;444;728;465
00145.ppm;724;489;746;511
00146.ppm;710;426;729;445
00146.ppm;707;404;731;427
00146.ppm;1108;191;1206;291
00146.ppm;1216;125;1329;238
00147.ppm;751;418;784;452
00148.ppm;871;355;943;417
00149.ppm;1128;273;1222;362
00149.ppm;1108;156;1229;273
00149.ppm;701;460;726;483
00150.ppm;823;345;867;385
00151.ppm;794;372;824;401
00151.ppm;486;434;509;455
00151.ppm;1263;163;1316;214
00152.ppm;605;424;627;447
00152.ppm;269;349;298;377
00153.ppm;306;409;338;440
00154.ppm;691;411;718;436
00154.ppm;1057;389;1109;451
00154.ppm;856;372;887;398
00154.ppm;317;322;380;385
00154.ppm;621;436;656;463
00155.ppm;423;385;467;430
00155.ppm;48;325;81;353
00155.ppm;860;290;898;328
00155.ppm;936;220;968;248
00155.ppm;872;230;966;309
00155.ppm;499;427;531;456
00156.ppm;818;388;848;418
00156.ppm;1031;170;1063;203
00156.ppm;1115;249;1174;308
00156.ppm;982;200;1036;259
00157.ppm;261;425;298;460
00157.ppm;885;392;928;432
00157.ppm;649;504;671;526
00158.ppm;905;413;934;440
00159.ppm;976;445;1031;507
00159.ppm;712;475;741;504
00159.ppm;85;473;118;504
00159.ppm;890;467;917;504
00160.ppm;609;388;653;428
00160.ppm;700;416;719;438
00161.ppm;717;445;735;463
00162.ppm;711;432;732;452
00162.ppm;241;428;261;447
00162.ppm;544;445;562;463
00162.ppm;414;421;437;446
00162.ppm;908;418;948;460
00163.ppm;754;475;826;545
00164.ppm;874;376;917;417
00165.ppm;687;291;745;340
00165.ppm;381;412;398;431
00165.ppm;335;166;421;250
00165.ppm;131;420;152;441
00165.ppm;651;201;699;250
00166.ppm;813;381;848;415
00167.ppm;368;445;392;468
00167.ppm;730;433;751;453
00167.ppm;1112;393;1164;453
00168.ppm;693;417;719;443
00168.ppm;1060;123;1125;164
00169.ppm;1090;152;1211;272
00170.ppm;912;322;944;356
00171.ppm;880;333;934;383
00171.ppm;880;381;934;432
00172.ppm;712;469;742;497
00172.ppm;719;418;741;438
00173.ppm;1110;278;1163;330
00173.ppm;1159;315;1185;344
00174.ppm;802;301;858;364
00174.ppm;721;440;748;465
00174.ppm;719;412;753;442
00174.ppm;987;214;1149;331
00175.ppm;892;340;944;394
00176.ppm;850;412;877;440
00177.ppm;1268;401;1312;438
00177.ppm;270;413;314;459
00177.ppm;745;422;783;461
00177.ppm;220;653;334;750
00177.ppm;274;383;310;429
00178.ppm;727;455;748;475
00179.ppm;684;419;708;441
00180.ppm;968;384;1005;420
00181.ppm;792;301;852;358
00182.ppm;656;412;686;439
00182.ppm;657;381;688;414
00183.ppm;763;370;807;406
00183.ppm;748;364;804;409
00184.ppm;789;273;852;333
00184.ppm;1011;0;1116;72
00184.ppm;488;379;532;412
00185.ppm;963;145;1079;258
00186.ppm;324;427;344;447
00186.ppm;601;433;627;457
00186.ppm;281;372;307;395
00187.ppm;160;393;192;427
00187.ppm;674;406;710;439
00187.ppm;1262;64;1350;157
00188.ppm;706;380;748;422
00189.ppm;851;337;916;396
00190.ppm;671;400;691;421
00190.ppm;616;374;650;404
00191.ppm;690;403;732;439
00191.ppm;622;438;640;460
00192.ppm;665;259;737;336
00192.ppm;313;440;333;460
00192.ppm;494;416;519;439
00192.ppm;827;259;867;302
00193.ppm;727;229;835;327
00193.ppm;170;426;216;475
00194.ppm;717;304;788;368
00194.ppm;230;335;261;366
00194.ppm;177;399;205;425
00195.ppm;782;397;820;431
00195.ppm;1042;160;1154;262
00195.ppm;1065;589;1111;638
00195.ppm;990;236;1033;279
00195.ppm;789;425;817;451
00196.ppm;725;315;792;370
00196.ppm;733;370;779;416
00196.ppm;532;469;559;493
00197.ppm;870;278;952;357
00198.ppm;682;439;697;455
00198.ppm;678;412;702;437
00199.ppm;827;323;879;374
00199.ppm;233;354;258;380
00200.ppm;840;292;914;361
00200.ppm;848;363;898;416
00200.ppm;256;404;282;429
00200.ppm;252;395;286;422
00201.ppm;760;350;814;395
00202.ppm;918;292;973;336
00202.ppm;659;321;703;363
00202.ppm;54;313;103;364
00202.ppm;924;454;984;522
00203.ppm;758;373;784;402
00204.ppm;856;153;946;240
00204.ppm;728;260;786;317
00204.ppm;850;477;937;613
00205.ppm;1200;337;1318;446
00205.ppm;385;454;416;486
00206.ppm;1142;118;1234;195
00206.ppm;51;6;164;100
00206.ppm;1160;196;1225;259
00206.ppm;60;109;135;179
00206.ppm;826;471;847;492
00206.ppm;1186;262;1214;295
00206.ppm;70;257;102;287
00206.ppm;3;199;68;273
00207.ppm;869;314;938;378
00207.ppm;1142;372;1172;401
00207.ppm;1299;337;1342;375
00208.ppm;637;239;729;316
00209.ppm;1097;208;1179;283
00209.ppm;1111;288;1170;346
00210.ppm;1010;385;1045;421
00210.ppm;1015;418;1038;444
00210.ppm;1206;326;1241;365
00210.ppm;1176;539;1251;595
00211.ppm;665;408;705;447
00212.ppm;754;401;784;431
00212.ppm;293;427;314;450
00212.ppm;719;381;751;413
00212.ppm;199;248;334;334
00212.ppm;736;388;766;411
00214.ppm;1213;242;1287;312
00214.ppm;1182;136;1298;230
00215.ppm;783;480;804;500
00215.ppm;28;515;260;688
00216.ppm;885;446;913;471
00216.ppm;311;441;337;466
00217.ppm;970;268;1032;328
00217.ppm;992;199;1057;259
00218.ppm;807;436;828;456
00219.ppm;1078;267;1155;339
00219.ppm;1087;345;1145;400
00219.ppm;484;330;511;360
00220.ppm;1125;284;1169;327
00220.ppm;263;284;347;351
00220.ppm;792;407;822;435
00221.ppm;988;419;1042;468
00221.ppm;805;459;823;477
00221.ppm;1204;164;1240;200
00221.ppm;689;394;730;428
00221.ppm;1174;179;1203;210
00222.ppm;985;354;1022;390
00222.ppm;890;266;989;350
00222.ppm;794;408;820;431
00223.ppm;814;334;858;373
00224.ppm;925;276;980;342
00224.ppm;973;265;1043;333
00224.ppm;928;186;1024;277
00224.ppm;807;372;850;414
00224.ppm;812;402;843;429
00224.ppm;48;281;114;349
00224.ppm;743;342;845;432
00225.ppm;855;270;923;332
00225.ppm;625;191;681;242
00225.ppm;374;265;404;296
00226.ppm;1149;226;1220;288
00227.ppm;1227;259;1302;330
00228.ppm;935;295;999;355
00229.ppm;1272;383;1308;417
00229.ppm;1305;381;1342;415
00229.ppm;1282;338;1331;382
00229.ppm;902;262;981;319
00229.ppm;862;416;884;441
00229.ppm;898;267;996;349
00230.ppm;974;398;1003;426
00230.ppm;965;423;1008;461
00230.ppm;489;421;510;440
00231.ppm;1146;362;1185;399
00231.ppm;180;57;209;106
00231.ppm;90;120;128;172
00232.ppm;868;378;914;419
00232.ppm;296;418;341;461
00232.ppm;587;495;617;523
00232.ppm;911;446;962;505
00233.ppm;769;266;995;419
00233.ppm;325;485;357;516
00234.ppm;1048;274;1117;338
00234.ppm;455;392;494;425
00234.ppm;1042;268;1143;361
00234.ppm;1303;208;1337;241
00235.ppm;475;436;525;488
00235.ppm;442;393;560;488
00235.ppm;583;322;657;382
00235.ppm;979;193;1032;249
00235.ppm;1271;13;1360;133
00236.ppm;1084;281;1200;395
00237.ppm;1114;165;1147;199
00237.ppm;289;390;321;420
00237.ppm;822;362;851;391
00237.ppm;293;425;319;455
00237.ppm;1067;192;1095;221
00238.ppm;848;443;877;469
00238.ppm;843;401;879;434
00239.ppm;154;332;196;373
00239.ppm;824;411;856;441
00239.ppm;787;413;814;437
00240.ppm;848;364;880;397
00241.ppm;838;401;881;441
00241.ppm;350;437;375;465
00242.ppm;848;388;872;413
00242.ppm;1194;264;1302;358
00243.ppm;844;446;868;471
00244.ppm;490;389;532;428
00244.ppm;1237;346;1287;394
00245.ppm;851;438;874;461
00245.ppm;476;443;499;464
00246.ppm;308;379;356;425
00246.ppm;1088;354;1138;396
00247.ppm;471;452;493;474
00247.ppm;854;447;878;470
00248.ppm;844;429;870;456
00248.ppm;202;450;229;480
00248.ppm;785;629;929;750
00249.ppm;1211;418;1245;451
00250.ppm;907;445;933;470
00250.ppm;99;424;170;497
00250.ppm;106;508;176;596
00251.ppm;112;425;207;528
00251.ppm;350;444;411;503
00251.ppm;54;247;117;290
00252.ppm;910;327;956;372
00252.ppm;916;389;961;433
00252.ppm;243;409;271;442
00253.ppm;1190;136;1297;244
00253.ppm;450;476;487;507
00254.ppm;1171;271;1240;337
00254.ppm;1265;369;1294;395
00255.ppm;182;506;261;579
00255.ppm;386;499;430;549
00256.ppm;1105;44;1234;154
00256.ppm;1034;336;1068;368
00256.ppm;866;379;890;404
00256.ppm;608;412;645;446
00256.ppm;947;384;994;427
00257.ppm;1236;334;1295;386
00257.ppm;1077;384;1118;424
00257.ppm;1226;353;1249;374
00258.ppm;744;467;777;501
00258.ppm;346;490;382;522
00258.ppm;114;314;291;429
00259.ppm;1201;329;1248;373
00259.ppm;375;376;403;408
00259.ppm;451;354;480;385
00259.ppm;710;434;726;451
00259.ppm;410;388;435;413
00260.ppm;718;267;783;328
00261.ppm;527;309;570;358
00261.ppm;1159;310;1199;352
00261.ppm;1147;249;1208;312
00261.ppm;813;425;836;449
00261.ppm;522;476;543;495
00261.ppm;826;376;893;440
00262.ppm;1039;36;1142;144
00262.ppm;894;283;954;340
00262.ppm;783;137;840;183
00262.ppm;434;432;456;460
00262.ppm;880;144;926;187
00263.ppm;646;417;667;436
00264.ppm;965;412;989;434
00264.ppm;966;434;990;457
00264.ppm;508;465;531;488
00265.ppm;796;424;831;456
00265.ppm;804;458;828;479
00265.ppm;784;444;805;465
00265.ppm;283;420;366;483
00266.ppm;240;447;293;501
00266.ppm;409;370;487;427
00267.ppm;857;384;888;416
00267.ppm;831;379;858;403
00268.ppm;891;396;917;421
00269.ppm;964;429;990;454
00270.ppm;1237;278;1291;331
00270.ppm;240;332;297;389
00270.ppm;1234;332;1292;386
00270.ppm;271;463;316;503
00271.ppm;1090;341;1131;379
00271.ppm;259;371;296;405
00272.ppm;310;397;376;460
00272.ppm;1220;315;1296;384
00272.ppm;1124;344;1145;365
00272.ppm;938;434;975;468
00272.ppm;67;542;127;597
00273.ppm;1080;286;1143;343
00274.ppm;974;395;1012;428
00274.ppm;379;363;401;390
00274.ppm;872;433;891;456
00275.ppm;205;410;237;444
00275.ppm;1179;53;1218;87
00275.ppm;138;158;334;384
00275.ppm;144;112;296;255
00275.ppm;592;425;616;457
00275.ppm;1195;340;1238;385
00275.ppm;858;413;901;463
00276.ppm;108;463;153;521
00276.ppm;797;346;844;388
00276.ppm;545;406;574;431
00277.ppm;1049;398;1073;423
00278.ppm;915;353;956;389
00278.ppm;922;389;952;418
00279.ppm;616;484;673;540
00279.ppm;903;509;936;543
00279.ppm;770;513;805;546
00279.ppm;397;362;430;397
00280.ppm;1054;391;1083;420
00280.ppm;1132;356;1183;407
00281.ppm;984;391;1018;423
00281.ppm;981;362;1017;394
00281.ppm;759;384;787;411
00282.ppm;867;410;903;443
00282.ppm;253;444;297;487
00283.ppm;1175;111;1282;218
00284.ppm;993;346;1053;402
00284.ppm;980;268;1062;348
00284.ppm;1083;451;1134;505
00285.ppm;1089;304;1144;359
00286.ppm;510;281;536;303
00286.ppm;1013;358;1043;390
00286.ppm;229;439;256;466
00286.ppm;1029;315;1084;355
00286.ppm;1024;321;1081;374
00287.ppm;1113;370;1154;410
00288.ppm;984;437;1007;461
00288.ppm;411;456;435;478
00289.ppm;286;401;327;443
00290.ppm;1293;391;1328;426
00291.ppm;1129;382;1167;421
00292.ppm;980;421;1012;454
00292.ppm;313;447;346;478
00292.ppm;439;500;466;520
00293.ppm;1143;364;1193;414
00293.ppm;26;409;71;457
00294.ppm;101;404;150;452
00294.ppm;1171;326;1233;381
00295.ppm;1226;362;1272;410
00295.ppm;1009;442;1029;461
00295.ppm;100;419;144;464
00296.ppm;458;409;493;441
00296.ppm;1239;381;1268;420
00296.ppm;525;610;651;708
00297.ppm;1014;443;1043;470
00297.ppm;592;443;621;472
00298.ppm;1236;256;1314;330
00298.ppm;69;443;107;476
00298.ppm;1219;170;1325;263
00299.ppm;1245;250;1304;304
00300.ppm;780;420;801;441
00300.ppm;679;427;710;455
00301.ppm;1072;316;1127;367
00301.ppm;1061;260;1129;331
00302.ppm;1122;333;1165;371
00303.ppm;1187;385;1217;413
00304.ppm;505;385;552;434
00304.ppm;969;429;987;447
00305.ppm;547;346;597;395
00305.ppm;762;365;827;423
00306.ppm;350;469;388;505
00306.ppm;1047;420;1083;454
00307.ppm;892;414;934;458
00307.ppm;829;452;863;485
00307.ppm;795;454;829;485
00307.ppm;455;474;489;507
00309.ppm;1154;349;1204;399
00309.ppm;179;388;221;431
00310.ppm;1151;383;1191;427
00311.ppm;616;424;650;457
00311.ppm;1296;388;1331;425
00312.ppm;121;274;226;376
00312.ppm;677;435;699;459
00312.ppm;1225;418;1249;444
00312.ppm;1224;411;1250;438
00313.ppm;369;416;422;471
00314.ppm;394;450;430;484
00314.ppm;1213;398;1248;432
00315.ppm;173;411;213;461
00316.ppm;996;420;1020;444
00316.ppm;696;436;719;457
00316.ppm;994;395;1023;420
00316.ppm;693;412;719;437
00317.ppm;1120;377;1167;422
00318.ppm;630;450;659;478
00318.ppm;780;478;800;500
00318.ppm;445;474;483;515
00318.ppm;17;461;90;528
00319.ppm;567;437;613;480
00319.ppm;1200;403;1249;450
00320.ppm;919;402;953;436
00322.ppm;337;406;380;448
00322.ppm;1164;325;1210;370
00322.ppm;1145;323;1171;346
00323.ppm;398;436;424;463
00323.ppm;854;439;881;466
00325.ppm;875;448;906;470
00326.ppm;793;360;831;394
00327.ppm;1160;153;1248;250
00327.ppm;1131;133;1201;202
00327.ppm;341;141;388;192
00328.ppm;566;456;593;478
00329.ppm;88;379;120;411
00329.ppm;299;510;320;531
00330.ppm;1051;312;1117;381
00333.ppm;116;416;175;477
00333.ppm;752;389;808;443
00334.ppm;323;451;370;498
00334.ppm;759;435;797;471
00334.ppm;614;216;657;257
00337.ppm;901;408;934;438
00338.ppm;504;426;536;452
00338.ppm;999;425;1031;452
00338.ppm;505;397;536;427
00338.ppm;998;397;1029;426
00339.ppm;624;440;663;478
00339.ppm;970;415;1020;462
00341.ppm;916;453;1003;529
00342.ppm;612;441;646;475
00342.ppm;669;443;700;478
00342.ppm;838;450;868;482
00343.ppm;484;508;512;535
00343.ppm;802;529;828;559
00344.ppm;799;418;879;494
00344.ppm;607;550;628;569
00346.ppm;883;541;912;570
00346.ppm;291;542;320;572
00346.ppm;820;284;1328;620
00347.ppm;910;541;972;597
00348.ppm;951;523;991;562
00349.ppm;53;455;115;513
00350.ppm;475;543;508;574
00351.ppm;511;533;538;559
00352.ppm;526;553;557;583
00352.ppm;967;548;995;574
00355.ppm;474;538;507;569
00356.ppm;254;501;311;551
00357.ppm;462;526;499;565
00359.ppm;879;557;902;584
00360.ppm;1029;480;1078;525
00360.ppm;251;500;295;542
00362.ppm;256;468;361;574
00363.ppm;409;527;454;566
00363.ppm;407;484;450;525
00366.ppm;514;527;544;553
00366.ppm;756;692;875;786
00366.ppm;514;551;543;575
00367.ppm;227;487;276;533
00368.ppm;378;512;431;562
00368.ppm;381;460;432;508
00369.ppm;873;530;897;551
00369.ppm;873;549;898;570
00369.ppm;519;561;541;586
00369.ppm;518;543;542;565
00370.ppm;881;559;908;584
00370.ppm;880;535;907;560
00370.ppm;441;553;468;577
00370.ppm;440;531;466;554
00371.ppm;315;520;371;577
00372.ppm;972;484;1018;529
00373.ppm;818;509;854;545
00373.ppm;165;517;196;547
00374.ppm;667;560;702;593
00377.ppm;239;491;279;529
00377.ppm;1132;541;1172;580
00377.ppm;233;531;278;572
00377.ppm;1130;500;1171;541
00378.ppm;31;366;144;475
00378.ppm;19;241;149;356
00380.ppm;551;536;575;559
00380.ppm;550;560;575;582
00382.ppm;445;529;486;568
00382.ppm;445;490;486;532
00382.ppm;1208;490;1248;535
00382.ppm;1211;531;1249;570
00383.ppm;989;540;1022;571
00383.ppm;528;547;560;575
00384.ppm;1200;481;1267;543
00384.ppm;1199;415;1264;478
00385.ppm;976;528;1018;567
00385.ppm;267;531;306;571
00385.ppm;295;553;330;593
00386.ppm;977;550;1001;572
00386.ppm;556;561;580;585
00387.ppm;410;496;479;563
00387.ppm;1180;480;1256;546
00388.ppm;1273;502;1341;553
00390.ppm;454;502;503;550
00390.ppm;1217;488;1263;542
00391.ppm;199;507;245;554
00392.ppm;357;447;424;510
00393.ppm;291;480;369;564
00398.ppm;770;556;796;583
00398.ppm;623;564;659;597
00401.ppm;1122;491;1167;537
00401.ppm;420;495;461;535
00403.ppm;569;540;591;563
00403.ppm;937;528;965;560
00403.ppm;398;448;458;505
00403.ppm;566;561;590;590
00404.ppm;333;414;393;474
00404.ppm;1257;415;1311;468
00404.ppm;422;343;446;371
00405.ppm;354;444;413;500
00405.ppm;1256;469;1307;523
00406.ppm;852;544;879;572
00407.ppm;523;532;586;602
00407.ppm;725;426;847;621
00407.ppm;707;395;892;609
00408.ppm;1136;480;1205;549
00408.ppm;132;465;213;535
00409.ppm;512;507;535;531
00409.ppm;738;179;787;219
00409.ppm;842;167;901;217
00409.ppm;259;514;297;560
00409.ppm;804;176;844;218
00410.ppm;366;616;422;670
00411.ppm;185;600;239;662
00411.ppm;495;551;531;588
00411.ppm;106;556;141;590
00412.ppm;1000;499;1048;544
00413.ppm;1037;481;1085;528
00414.ppm;1031;422;1081;467
00414.ppm;1011;464;1094;582
00416.ppm;813;506;851;542
00418.ppm;460;563;482;584
00418.ppm;457;536;486;565
00419.ppm;978;486;1028;538
00419.ppm;576;538;632;600
00419.ppm;425;582;454;603
00420.ppm;361;547;385;572
00420.ppm;829;541;853;563
00422.ppm;596;567;626;596
00423.ppm;362;469;452;547
00423.ppm;1151;447;1243;530
00424.ppm;526;571;551;594
00424.ppm;526;547;550;570
00425.ppm;300;503;344;542
00425.ppm;299;542;346;583
00425.ppm;901;541;945;583
00425.ppm;899;499;943;541
00426.ppm;1079;395;1194;505
00427.ppm;292;384;388;478
00428.ppm;324;548;354;576
00428.ppm;938;546;964;569
00430.ppm;930;411;1008;483
00431.ppm;1142;496;1180;534
00431.ppm;275;527;313;562
00432.ppm;941;511;970;539
00432.ppm;239;557;265;585
00432.ppm;602;449;741;608
00433.ppm;507;528;566;586
00434.ppm;166;196;258;281
00435.ppm;833;535;863;565
00436.ppm;794;531;816;553
00436.ppm;286;547;313;574
00438.ppm;532;558;555;581
00438.ppm;839;554;865;579
00439.ppm;1196;504;1251;563
00439.ppm;396;578;422;603
00439.ppm;866;703;1029;791
00440.ppm;1239;490;1327;560
00440.ppm;682;578;702;601
00440.ppm;962;424;1001;463
00441.ppm;1063;530;1111;580
00442.ppm;381;538;417;571
00442.ppm;85;455;162;520
00443.ppm;470;550;501;579
00444.ppm;388;571;420;599
00444.ppm;973;570;1004;602
00444.ppm;376;527;428;573
00444.ppm;966;532;1009;573
00445.ppm;1021;497;1067;542
00445.ppm;212;519;256;561
00446.ppm;768;497;804;530
00446.ppm;400;506;440;541
00446.ppm;775;568;807;600
00447.ppm;1181;417;1268;493
00447.ppm;687;409;720;441
00448.ppm;579;599;601;619
00449.ppm;813;448;854;485
00449.ppm;211;467;254;506
00449.ppm;194;468;245;516
00450.ppm;1105;358;1183;431
00451.ppm;789;555;822;586
00451.ppm;1202;230;1293;336
00453.ppm;1213;329;1307;407
00453.ppm;1035;437;1065;465
00454.ppm;419;466;515;547
00454.ppm;664;488;733;551
00454.ppm;633;531;685;571
00454.ppm;246;472;320;527
00455.ppm;1091;356;1184;442
00455.ppm;550;365;678;466
00455.ppm;1230;272;1326;377
00455.ppm;600;371;665;423
00456.ppm;421;415;475;467
00457.ppm;517;466;555;503
00457.ppm;1243;419;1302;474
00458.ppm;1006;550;1034;580
00458.ppm;1028;304;1053;327
00458.ppm;1041;479;1064;501
00459.ppm;884;546;909;572
00459.ppm;875;514;912;549
00459.ppm;292;595;312;613
00460.ppm;833;485;859;511
00460.ppm;829;455;859;480
00460.ppm;595;551;625;575
00461.ppm;1231;266;1299;325
00461.ppm;1234;407;1269;436
00463.ppm;554;628;583;659
00464.ppm;796;439;847;490
00464.ppm;599;3;675;48
00465.ppm;1240;313;1333;396
00466.ppm;1215;398;1270;441
00466.ppm;518;495;541;518
00466.ppm;514;466;549;495
00466.ppm;1224;440;1263;475
00467.ppm;1132;499;1171;537
00468.ppm;1128;506;1166;543
00469.ppm;5;583;27;606
00469.ppm;33;364;69;404
00469.ppm;46;459;93;499
00470.ppm;824;490;846;512
00470.ppm;1134;217;1241;331
00470.ppm;237;267;276;307
00470.ppm;896;509;940;547
00470.ppm;428;449;469;484
00471.ppm;789;491;816;520
00471.ppm;878;530;897;550
00471.ppm;176;506;202;543
00471.ppm;383;529;408;554
00472.ppm;879;498;923;546
00473.ppm;504;531;541;566
00473.ppm;1153;506;1185;538
00474.ppm;513;569;545;598
00474.ppm;1244;548;1275;581
00475.ppm;1235;468;1310;542
00476.ppm;161;517;200;555
00476.ppm;1152;524;1188;558
00477.ppm;297;507;337;544
00478.ppm;217;483;257;522
00478.ppm;920;471;963;511
00479.ppm;982;496;1025;538
00479.ppm;988;539;1021;568
00479.ppm;579;538;612;569
00480.ppm;1054;444;1104;492
00480.ppm;495;440;563;493
00481.ppm;909;502;944;537
00481.ppm;989;456;1021;489
00481.ppm;462;483;509;526
00482.ppm;731;524;768;564
00482.ppm;262;530;296;568
00482.ppm;282;563;303;590
00482.ppm;792;601;830;638
00483.ppm;150;509;205;562
00483.ppm;1180;528;1234;584
00483.ppm;35;191;544;679
00484.ppm;999;527;1037;565
00484.ppm;338;508;373;543
00485.ppm;202;380;278;453
00486.ppm;408;518;466;575
00487.ppm;625;606;644;625
00487.ppm;648;614;665;630
00488.ppm;495;611;516;631
00488.ppm;1159;514;1200;559
00489.ppm;761;569;787;594
00490.ppm;644;596;668;619
00490.ppm;843;515;870;540
00490.ppm;848;536;868;556
00491.ppm;428;569;487;637
00492.ppm;893;529;922;557
00492.ppm;502;578;529;605
00493.ppm;910;447;968;500
00494.ppm;1111;299;1211;392
00494.ppm;416;325;503;407
00496.ppm;509;494;552;536
00496.ppm;507;535;552;575
00496.ppm;1066;323;1107;357
00497.ppm;1020;462;1072;515
00497.ppm;391;612;424;648
00497.ppm;381;510;428;556
00498.ppm;244;583;298;635
00498.ppm;248;480;297;524
00499.ppm;1010;495;1053;535
00500.ppm;952;496;1001;545
00501.ppm;609;558;630;577
00501.ppm;104;638;217;745
00501.ppm;943;556;962;576
00501.ppm;122;280;226;382
00502.ppm;557;576;593;611
00502.ppm;56;556;86;585
00502.ppm;579;555;608;580
00503.ppm;355;580;420;644
00504.ppm;379;595;405;624
00505.ppm;1049;477;1091;520
00506.ppm;471;510;502;541
00506.ppm;720;543;753;572
00507.ppm;875;473;934;522
00507.ppm;656;588;678;607
00508.ppm;865;493;908;534
00508.ppm;129;239;299;402
00509.ppm;831;486;877;527
00509.ppm;694;482;734;525
00509.ppm;286;517;314;550
00509.ppm;360;556;400;600
00511.ppm;48;333;582;621
00511.ppm;116;544;146;568
00512.ppm;1137;489;1179;531
00512.ppm;229;486;270;522
00513.ppm;142;503;199;555
00514.ppm;379;511;420;548
00515.ppm;254;360;331;433
00516.ppm;239;277;297;334
00516.ppm;241;509;266;532
00516.ppm;16;612;230;787
00517.ppm;263;425;347;495
00518.ppm;453;528;498;571
00518.ppm;808;603;834;628
00520.ppm;378;506;437;566
00521.ppm;375;574;406;604
00521.ppm;946;565;976;595
00523.ppm;455;515;501;563
00523.ppm;1283;511;1330;556
00524.ppm;1219;528;1273;579
00524.ppm;186;531;242;584
00526.ppm;588;473;625;509
00527.ppm;874;425;906;456
00527.ppm;360;421;391;450
00527.ppm;374;459;422;507
00528.ppm;985;337;1029;381
00528.ppm;165;415;207;457
00528.ppm;1027;333;1052;357
00528.ppm;961;334;987;359
00530.ppm;423;400;460;435
00530.ppm;1008;400;1044;434
00531.ppm;909;430;932;453
00531.ppm;484;443;504;463
00532.ppm;1160;380;1216;423
00536.ppm;723;478;739;494
00536.ppm;952;401;979;432
00536.ppm;944;435;961;455
00536.ppm;25;429;58;459
00542.ppm;842;440;865;464
00542.ppm;1271;414;1292;432
00544.ppm;1052;297;1121;355
00544.ppm;744;439;762;458
00544.ppm;84;171;270;306
00544.ppm;991;427;1026;460
00544.ppm;1028;473;1065;501
00544.ppm;1120;487;1173;546
00544.ppm;919;451;937;471
00545.ppm;212;435;247;474
00545.ppm;916;312;950;345
00545.ppm;631;467;653;493
00545.ppm;615;303;677;351
00545.ppm;500;290;604;384
00545.ppm;258;305;337;382
00548.ppm;967;342;1006;378
00548.ppm;781;468;808;495
00548.ppm;774;431;811;467
00550.ppm;1138;485;1190;538
00550.ppm;494;504;510;520
00550.ppm;883;494;917;527
00551.ppm;936;465;965;494
00552.ppm;814;507;832;527
00552.ppm;814;519;833;540
00552.ppm;535;510;555;530
00554.ppm;946;472;985;507
00555.ppm;614;327;719;410
00556.ppm;1193;499;1252;556
00556.ppm;355;399;398;442
00557.ppm;456;460;506;508
00557.ppm;275;462;318;502
00560.ppm;1039;175;1099;232
00564.ppm;756;369;797;409
00564.ppm;739;442;765;471
00565.ppm;730;338;761;368
00565.ppm;310;378;352;418
00565.ppm;366;417;386;437
00566.ppm;654;394;689;429
00566.ppm;124;419;157;449
00566.ppm;461;489;481;509
00567.ppm;1052;410;1107;459
00567.ppm;913;432;934;453
00569.ppm;456;345;488;376
00570.ppm;881;416;914;449
00571.ppm;1288;362;1309;384
00575.ppm;402;473;435;506
00575.ppm;433;483;455;506
00575.ppm;646;412;666;434
00576.ppm;593;385;612;403
00589.ppm;964;476;1015;524
00589.ppm;239;440;270;474
00590.ppm;478;129;501;156
00591.ppm;1001;435;1039;472
00592.ppm;1275;331;1318;374
00593.ppm;583;509;608;533
00594.ppm;245;10;315;66
00594.ppm;602;229;645;277
00594.ppm;1060;432;1091;458
00595.ppm;880;312;947;366
00595.ppm;392;285;431;325
00599.ppm;686;483;708;505
00599.ppm;698;452;723;475
00601.ppm;81;449;145;510
00601.ppm;1190;175;1215;198
00602.ppm;442;542;473;575
00602.ppm;1268;554;1301;587
00603.ppm;359;445;417;500
00604.ppm;366;481;434;547
00605.ppm;849;502;881;533
00607.ppm;886;467;950;525
00608.ppm;945;366;997;416
00609.ppm;810;508;842;538
00609.ppm;309;512;344;544
00610.ppm;918;554;940;574
00610.ppm;911;525;940;553
00610.ppm;5;520;46;559
00611.ppm;841;520;872;552
00611.ppm;840;489;871;520
00612.ppm;127;522;215;615
00612.ppm;137;606;201;696
00612.ppm;168;449;250;529
00612.ppm;174;375;250;443
00612.ppm;795;506;817;531
00613.ppm;1132;560;1168;597
00613.ppm;477;548;511;579
00614.ppm;647;574;675;604
00615.ppm;383;571;415;601
00615.ppm;373;532;421;573
00616.ppm;878;542;903;568
00616.ppm;434;559;464;587
00616.ppm;1198;608;1245;670
00617.ppm;820;324;1360;711
00618.ppm;841;539;870;561
00618.ppm;946;597;965;617
00619.ppm;840;413;882;450
00620.ppm;863;424;893;456
00620.ppm;573;482;592;503
00621.ppm;782;444;809;469
00622.ppm;814;422;855;463
00623.ppm;973;375;1033;435
00624.ppm;820;462;846;488
00624.ppm;387;506;434;556
00624.ppm;544;506;572;533
00625.ppm;1035;374;1105;442
00626.ppm;855;405;894;440
00626.ppm;856;442;895;479
00628.ppm;997;273;1087;359
00628.ppm;224;0;289;47
00628.ppm;191;37;274;130
00630.ppm;1217;316;1287;385
00631.ppm;801;481;835;509
00632.ppm;99;379;148;424
00633.ppm;287;502;361;580
00633.ppm;1265;193;1323;250
00633.ppm;379;521;431;576
00633.ppm;621;451;656;485
00634.ppm;525;369;571;413
00634.ppm;1134;382;1172;422
00634.ppm;1029;172;1200;301
00635.ppm;826;424;864;463
00635.ppm;1070;353;1103;387
00635.ppm;829;460;860;491
00637.ppm;869;400;917;446
00637.ppm;85;313;166;381
00637.ppm;79;510;156;571
00638.ppm;553;241;598;287
00638.ppm;913;376;951;414
00638.ppm;861;381;900;414
00638.ppm;208;396;245;445
00639.ppm;290;505;340;546
00639.ppm;737;402;805;478
00640.ppm;1103;354;1176;423
00640.ppm;1084;249;1187;355
00641.ppm;28;425;67;467
00642.ppm;432;497;457;521
00642.ppm;865;331;931;392
00642.ppm;876;369;910;408
00643.ppm;501;450;533;481
00644.ppm;76;512;128;567
00644.ppm;283;433;317;464
00645.ppm;1033;309;1093;366
00646.ppm;1059;440;1091;471
00646.ppm;558;434;589;461
00646.ppm;547;433;582;465
00646.ppm;1130;416;1153;445
00646.ppm;1294;466;1315;486
00647.ppm;610;512;634;537
00647.ppm;535;0;573;22
00648.ppm;345;379;409;437
00648.ppm;1031;185;1091;243
00648.ppm;330;520;363;552
00649.ppm;820;303;868;352
00649.ppm;787;497;803;517
00650.ppm;1126;284;1195;350
00650.ppm;1153;420;1203;468
00651.ppm;796;403;854;454
00651.ppm;786;340;860;402
00651.ppm;121;54;209;136
00652.ppm;629;481;664;515
00652.ppm;627;473;669;506
00653.ppm;352;384;406;421
00653.ppm;784;416;808;441
00653.ppm;716;433;764;477
00653.ppm;414;385;467;438
00654.ppm;1243;301;1293;354
00654.ppm;579;666;666;736
00655.ppm;541;521;565;542
00655.ppm;42;370;74;400
00655.ppm;940;325;978;367
00655.ppm;286;377;321;420
00655.ppm;962;186;1087;282
00655.ppm;211;421;233;439
00655.ppm;40;428;73;462
00656.ppm;575;464;599;489
00656.ppm;839;224;865;249
00656.ppm;195;410;232;441
00657.ppm;991;399;1029;434
00658.ppm;855;338;938;410
00659.ppm;994;430;1033;468
00659.ppm;170;410;205;446
00660.ppm;942;421;982;459
00661.ppm;1139;401;1170;429
00662.ppm;948;442;993;481
00663.ppm;828;305;898;364
00663.ppm;484;401;518;435
00663.ppm;805;308;876;369
00663.ppm;856;371;879;391
00664.ppm;848;436;882;468
00664.ppm;841;387;884;433
00665.ppm;693;412;741;455
00665.ppm;555;470;578;493
00667.ppm;735;443;764;470
00668.ppm;1081;253;1172;340
00668.ppm;1073;141;1184;249
00669.ppm;899;395;948;444
00670.ppm;995;306;1066;370
00671.ppm;846;393;883;427
00671.ppm;841;350;890;394
00672.ppm;119;260;194;333
00672.ppm;886;316;954;382
00672.ppm;116;338;138;363
00672.ppm;230;238;256;261
00672.ppm;892;277;941;326
00672.ppm;538;415;573;447
00672.ppm;878;293;949;373
00673.ppm;413;405;470;460
00673.ppm;307;428;336;454
00674.ppm;711;367;755;408
00674.ppm;1017;120;1075;183
00675.ppm;641;503;676;537
00675.ppm;1006;386;1042;421
00675.ppm;1013;420;1038;446
00675.ppm;943;400;977;434
00675.ppm;667;396;704;434
00677.ppm;861;505;896;531
00677.ppm;21;423;46;449
00677.ppm;526;484;560;510
00678.ppm;695;400;744;443
00679.ppm;718;408;760;452
00679.ppm;705;343;768;404
00679.ppm;97;517;142;563
00679.ppm;335;515;352;532
00680.ppm;900;392;954;447
00680.ppm;366;440;393;469
00680.ppm;394;428;419;449
00681.ppm;819;433;847;461
00681.ppm;817;399;847;441
00682.ppm;278;425;318;469
00682.ppm;261;485;290;516
00682.ppm;884;421;929;466
00683.ppm;887;448;914;475
00683.ppm;384;454;408;478
00685.ppm;613;508;658;554
00685.ppm;495;452;541;496
00685.ppm;614;556;653;606
00685.ppm;992;509;1025;540
00686.ppm;375;435;412;474
00688.ppm;964;272;1023;331
00688.ppm;848;409;885;445
00688.ppm;937;105;964;130
00688.ppm;400;430;433;459
00688.ppm;844;443;872;475
00689.ppm;892;482;921;513
00689.ppm;593;489;619;515
00689.ppm;1147;514;1180;551
00689.ppm;1128;450;1153;478
00690.ppm;776;506;801;531
00690.ppm;205;441;250;487
00691.ppm;468;489;489;511
00691.ppm;886;493;908;514
00692.ppm;1053;359;1090;397
00692.ppm;398;539;439;574
00692.ppm;391;541;432;582
00693.ppm;984;382;1024;421
00694.ppm;806;409;841;444
00694.ppm;873;66;976;170
00694.ppm;277;385;299;405
00695.ppm;959;268;1002;311
00695.ppm;791;384;825;420
00695.ppm;750;319;790;359
00695.ppm;1236;417;1267;446
00695.ppm;879;407;904;432
00696.ppm;716;445;738;466
00696.ppm;906;365;928;392
00696.ppm;872;218;913;258
00696.ppm;848;221;898;261
00697.ppm;941;321;1022;389
00697.ppm;785;422;807;440
00698.ppm;736;412;766;442
00699.ppm;725;414;756;444
00699.ppm;961;366;996;401
00700.ppm;849;343;919;405
00700.ppm;784;422;811;447
00701.ppm;1041;394;1089;442
00701.ppm;1031;332;1095;396
00702.ppm;687;446;708;467
00703.ppm;1000;360;1041;400
00703.ppm;995;311;1052;362
00704.ppm;766;412;794;438
00704.ppm;1121;226;1279;348
00704.ppm;360;425;382;449
00705.ppm;955;344;990;378
00706.ppm;864;371;899;403
00706.ppm;147;328;194;365
00706.ppm;865;314;900;347
00706.ppm;183;365;218;395
00707.ppm;905;382;944;419
00710.ppm;1083;202;1164;280
00711.ppm;356;456;383;484
00711.ppm;386;448;445;510
00711.ppm;351;414;399;467
00712.ppm;932;359;986;413
00713.ppm;150;451;175;476
00713.ppm;365;413;392;446
00713.ppm;42;487;118;533
00713.ppm;304;359;363;424
00714.ppm;782;313;828;355
00714.ppm;172;367;204;394
00714.ppm;909;333;952;383
00714.ppm;882;327;920;359
00714.ppm;291;342;335;381
00715.ppm;814;400;846;424
00715.ppm;766;373;801;405
00715.ppm;817;353;843;378
00715.ppm;284;348;348;410
00715.ppm;165;501;182;525
00716.ppm;819;269;879;333
00716.ppm;819;337;870;386
00716.ppm;1197;11;1315;131
00717.ppm;835;435;860;457
00719.ppm;932;389;970;426
00719.ppm;20;487;58;522
00720.ppm;736;428;758;449
00720.ppm;135;424;165;455
00720.ppm;591;444;608;463
00721.ppm;900;349;934;380
00721.ppm;372;390;394;411
00722.ppm;104;362;163;418
00722.ppm;994;332;1048;381
00722.ppm;662;355;697;385
00723.ppm;696;423;719;446
00723.ppm;745;360;801;408
00723.ppm;185;369;233;418
00725.ppm;546;598;578;629
00726.ppm;782;247;823;288
00728.ppm;497;561;533;600
00728.ppm;1288;375;1330;413
00729.ppm;533;489;570;521
00730.ppm;466;445;511;486
00730.ppm;1054;516;1085;546
00732.ppm;961;527;993;556
00733.ppm;937;524;966;550
00733.ppm;505;425;543;462
00733.ppm;438;580;488;629
00733.ppm;563;539;587;570
00734.ppm;1093;458;1163;522
00736.ppm;831;553;855;574
00736.ppm;817;533;842;562
00737.ppm;604;443;636;475
00737.ppm;1040;531;1062;553
00737.ppm;472;446;504;483
00737.ppm;693;460;714;484
00738.ppm;789;547;810;568
00738.ppm;874;545;902;575
00738.ppm;554;604;586;633
00738.ppm;798;527;824;554
00740.ppm;487;511;533;558
00740.ppm;1163;509;1213;558
00741.ppm;438;558;462;586
00741.ppm;972;554;1001;584
00741.ppm;965;378;1000;406
00742.ppm;961;553;995;587
00742.ppm;334;563;367;595
00744.ppm;1151;536;1187;563
00746.ppm;1135;493;1183;535
00746.ppm;234;513;281;560
00746.ppm;234;469;279;513
00746.ppm;1135;535;1184;579
00747.ppm;1145;503;1196;557
00747.ppm;297;487;346;535
00749.ppm;302;553;345;594
00749.ppm;1154;547;1199;590
00750.ppm;548;367;705;493
00751.ppm;650;574;678;600
00751.ppm;187;513;228;547
00752.ppm;933;449;978;493
00754.ppm;727;593;766;631
00754.ppm;956;564;977;585
00754.ppm;824;593;861;626
00755.ppm;852;518;884;549
00755.ppm;561;596;593;624
00755.ppm;1083;295;1212;412
00755.ppm;1091;294;1128;336
00755.ppm;599;602;624;623
00755.ppm;855;560;881;587
00755.ppm;620;555;644;582
00756.ppm;879;526;926;568
00758.ppm;373;515;407;548
00758.ppm;981;520;1016;553
00758.ppm;980;553;1018;585
00758.ppm;374;549;407;580
00758.ppm;833;444;860;471
00760.ppm;592;537;617;564
00760.ppm;592;561;616;588
00760.ppm;1066;65;1233;211
00760.ppm;989;375;1010;404
00761.ppm;34;542;99;601
00761.ppm;156;536;183;560
00762.ppm;1148;406;1218;468
00762.ppm;336;375;400;434
00763.ppm;867;515;902;546
00763.ppm;349;461;402;507
00763.ppm;504;474;531;497
00763.ppm;190;0;305;110
00763.ppm;940;478;986;526
00764.ppm;811;511;854;547
00764.ppm;1128;384;1208;458
00765.ppm;543;508;581;547
00765.ppm;347;509;389;553
00765.ppm;331;461;368;494
00766.ppm;254;496;291;532
00766.ppm;54;371;92;414
00766.ppm;430;484;458;514
00766.ppm;791;464;817;485
00766.ppm;518;517;548;546
00770.ppm;525;578;556;608
00771.ppm;835;433;872;472
00771.ppm;152;539;206;582
00771.ppm;867;479;914;518
00772.ppm;839;548;864;575
00773.ppm;879;516;903;538
00773.ppm;1046;428;1096;479
00773.ppm;947;564;1127;706
00774.ppm;927;516;961;549
00774.ppm;886;547;909;567
00774.ppm;483;620;509;647
00775.ppm;886;485;931;527
00775.ppm;61;454;91;486
00776.ppm;861;505;893;534
00776.ppm;1075;303;1185;430
00776.ppm;329;463;365;502
00776.ppm;1252;397;1304;442
00776.ppm;863;536;888;559
00777.ppm;932;473;962;508
00777.ppm;481;369;513;404
00777.ppm;856;332;890;369
00777.ppm;902;399;987;475
00779.ppm;500;485;557;532
00780.ppm;1164;573;1227;633
00780.ppm;379;557;446;616
00780.ppm;366;460;467;560
00780.ppm;374;62;406;95
00780.ppm;1139;488;1229;574
00782.ppm;228;453;274;498
00783.ppm;274;569;316;616
00783.ppm;878;519;903;543
00784.ppm;26;584;160;691
00785.ppm;1003;470;1036;502
00785.ppm;505;398;548;435
00785.ppm;998;428;1041;471
00785.ppm;1022;625;1068;668
00785.ppm;972;601;1007;633
00785.ppm;1030;606;1072;644
00785.ppm;509;436;540;466
00787.ppm;997;414;1090;496
00788.ppm;956;498;1036;582
00788.ppm;1068;454;1112;488
00788.ppm;947;618;982;649
00789.ppm;757;516;788;546
00789.ppm;975;302;1043;366
00790.ppm;611;572;632;593
00791.ppm;984;410;1066;488
00791.ppm;899;460;966;523
00794.ppm;1032;520;1062;550
00795.ppm;168;611;215;663
00796.ppm;608;491;709;570
00797.ppm;820;415;869;456
00797.ppm;388;463;428;499
00797.ppm;395;495;422;522
00797.ppm;831;455;866;487
00797.ppm;1081;219;1174;307
00798.ppm;784;545;806;565
00798.ppm;1086;444;1164;503
00798.ppm;636;559;652;579
00801.ppm;503;446;535;477
00801.ppm;764;415;786;437
00801.ppm;508;487;536;521
00802.ppm;610;266;680;335
00802.ppm;597;184;693;267
00803.ppm;771;324;835;383
00803.ppm;770;234;835;295
00804.ppm;479;35;1316;706
00804.ppm;266;376;318;428
00805.ppm;869;369;916;411
00806.ppm;806;404;834;431
00806.ppm;464;430;486;450
00806.ppm;1109;339;1137;365
00807.ppm;823;370;867;409
00807.ppm;122;273;197;360
00808.ppm;271;462;316;509
00808.ppm;795;264;863;326
00808.ppm;461;285;507;326
00809.ppm;688;358;720;391
00809.ppm;546;381;574;405
00810.ppm;621;322;687;379
00810.ppm;458;389;487;415
00810.ppm;747;73;852;172
00810.ppm;405;340;443;378
00811.ppm;700;357;737;392
00812.ppm;720;417;746;442
00812.ppm;708;411;736;441
00813.ppm;930;251;1006;334
00813.ppm;921;145;1018;251
00813.ppm;1024;233;1074;287
00813.ppm;676;368;699;399
00813.ppm;581;131;658;192
00814.ppm;796;407;824;433
00814.ppm;374;414;396;437
00816.ppm;954;363;1005;406
00816.ppm;621;409;646;437
00816.ppm;963;405;994;428
00817.ppm;707;406;748;447
00818.ppm;509;374;552;414
00818.ppm;718;431;742;455
00820.ppm;1058;253;1165;357
00821.ppm;859;442;883;466
00821.ppm;332;441;356;465
00822.ppm;865;348;894;375
00822.ppm;122;308;163;351
00822.ppm;785;403;818;437
00822.ppm;791;410;816;435
00823.ppm;1019;315;1126;423
00823.ppm;804;477;833;507
00823.ppm;1066;377;1096;412
00823.ppm;1020;328;1147;445
00824.ppm;231;416;265;450
00824.ppm;4;203;122;307
00825.ppm;1083;378;1109;403
00825.ppm;652;377;690;411
00825.ppm;634;380;673;418
00826.ppm;352;187;467;277
00826.ppm;958;451;1013;503
00826.ppm;955;423;1016;473
00826.ppm;1140;207;1184;259
00827.ppm;920;441;961;481
00827.ppm;538;474;567;508
00827.ppm;453;362;510;418
00827.ppm;538;510;563;546
00827.ppm;181;332;259;403
00828.ppm;855;382;932;450
00829.ppm;552;399;574;421
00829.ppm;1005;254;1112;368
00829.ppm;529;167;594;245
00830.ppm;405;275;518;367
00830.ppm;294;329;327;361
00831.ppm;974;371;1014;408
00831.ppm;622;446;640;462
00833.ppm;775;332;822;378
00833.ppm;498;396;544;430
00834.ppm;1127;265;1187;325
00835.ppm;763;413;793;442
00836.ppm;55;361;89;392
00837.ppm;1196;367;1266;424
00837.ppm;107;406;137;438
00837.ppm;720;326;762;364
00838.ppm;1068;381;1098;412
00838.ppm;441;418;470;447
00838.ppm;401;647;543;762
00839.ppm;1235;343;1281;389
00839.ppm;304;409;349;454
00839.ppm;1234;297;1280;342
00839.ppm;301;364;346;408
00841.ppm;890;388;913;413
00841.ppm;592;483;624;512
00841.ppm;617;466;639;493
00841.ppm;594;512;624;548
00842.ppm;1027;230;1088;289
00842.ppm;770;408;799;432
00844.ppm;978;329;1011;365
00844.ppm;382;683;509;780
00845.ppm;958;414;992;443
00846.ppm;1091;345;1130;385
00846.ppm;371;382;407;418
00847.ppm;935;141;1058;254
00847.ppm;1004;398;1027;422
00848.ppm;983;243;1055;309
00848.ppm;309;72;409;170
00848.ppm;349;401;382;429
00849.ppm;940;398;962;419
00849.ppm;398;412;435;448
00849.ppm;396;360;440;413
00849.ppm;671;365;745;433
00850.ppm;974;373;1008;403
00850.ppm;975;403;1002;431
00850.ppm;628;400;661;438
00850.ppm;1114;394;1141;417
00851.ppm;1092;313;1147;366
00851.ppm;287;315;356;384
00852.ppm;1092;282;1139;325
00852.ppm;1024;467;1047;490
00853.ppm;934;380;975;416
00853.ppm;942;416;971;444
00853.ppm;685;484;705;506
00854.ppm;1181;254;1255;326
00854.ppm;80;355;145;430
00854.ppm;1168;303;1210;342
00854.ppm;815;445;844;471
00855.ppm;1149;292;1255;387
00855.ppm;918;412;949;443
00855.ppm;831;447;847;464
00855.ppm;921;440;942;459
00856.ppm;471;418;499;456
00857.ppm;1128;259;1227;346
00857.ppm;851;433;876;456
00857.ppm;1156;439;1191;463
00857.ppm;762;451;828;503
00858.ppm;811;433;838;459
00858.ppm;615;444;648;474
00859.ppm;893;385;932;419
00860.ppm;1078;144;1167;227
00862.ppm;283;423;363;500
00862.ppm;1218;343;1304;417
00863.ppm;418;413;456;447
00864.ppm;540;645;673;765
00864.ppm;913;444;932;464
00865.ppm;573;491;596;514
00865.ppm;337;195;435;273
00865.ppm;371;480;432;535
00865.ppm;854;472;883;500
00865.ppm;558;384;591;417
00866.ppm;1003;398;1033;425
00867.ppm;1095;373;1176;451
00869.ppm;1229;320;1309;390
00869.ppm;58;406;125;475
00869.ppm;643;427;689;474
00870.ppm;570;456;591;476
00870.ppm;1029;439;1051;458
00870.ppm;329;502;540;617
00871.ppm;374;407;411;443
00872.ppm;940;407;972;440
00872.ppm;316;416;351;450
00872.ppm;179;200;313;337
00874.ppm;1226;383;1296;451
00876.ppm;775;476;800;499
00876.ppm;463;466;488;495
00879.ppm;986;506;1027;548
00879.ppm;299;536;341;576
00881.ppm;1132;560;1168;597
00881.ppm;477;548;511;579
00882.ppm;246;545;318;617
00884.ppm;854;476;890;512
00884.ppm;853;511;890;546
00885.ppm;236;403;297;467
00885.ppm;206;536;281;610
00885.ppm;233;470;296;540
00885.ppm;789;507;814;534
00886.ppm;814;539;840;565
00886.ppm;815;515;839;541
00887.ppm;849;522;881;553
00888.ppm;780;545;801;567
00888.ppm;990;315;1045;372
00888.ppm;41;497;104;543
00888.ppm;219;527;257;565
00889.ppm;683;498;716;529
00889.ppm;689;530;713;553
00891.ppm;747;551;767;569
00891.ppm;473;556;492;574
00893.ppm;821;480;847;508
00893.ppm;902;591;947;652
00894.ppm;387;526;416;554
00894.ppm;1094;530;1132;565
00894.ppm;1084;475;1134;524
00895.ppm;966;417;1015;465
00895.ppm;191;484;240;527
00896.ppm;807;412;845;450
00897.ppm;239;599;443;729
00898.ppm;321;505;356;538
00898.ppm;818;510;851;542
00899.ppm;863;482;921;534
