00000.ppm;774;411;813;446
00000.ppm;648;491;693;537
00001.ppm;388;497;440;548
00001.ppm;985;389;1026;432
00001.ppm;975;337;1029;385
00002.ppm;891;480;1003;593
00002.ppm;741;340;803;400
00002.ppm;475;335;526;378
00003.ppm;743;442;766;467
00003.ppm;739;414;770;445
00003.ppm;742;466;766;489
00004.ppm;897;340;965;410
00004.ppm;906;407;954;460
00005.ppm;1173;167;1281;270
00006.ppm;926;353;985;409
00007.ppm;824;406;864;444
00008.ppm;785;460;812;485
00008.ppm;781;424;816;463
00009.ppm;925;466;949;490
00009.ppm;524;456;552;483
00010.ppm;1190;354;1268;435
00011.ppm;719;337;770;396
00011.ppm;708;262;784;341
00012.ppm;979;363;1035;416
00013.ppm;1044;281;1119;354
00014.ppm;711;489;733;512
00015.ppm;766;428;809;462
00016.ppm;901;421;958;478
00016.ppm;1251;580;1284;613
00017.ppm;913;310;1035;406
00018.ppm;950;455;981;485
00019.ppm;841;366;894;419
00019.ppm;848;423;890;462
00020.ppm;824;429;861;461
00021.ppm;824;390;878;434
00021.ppm;1075;246;1124;292
00021.ppm;97;354;136;390
00021.ppm;1102;239;1140;267
00021.ppm;290;120;371;197
00022.ppm;666;471;691;496
00023.ppm;997;291;1072;370
00023.ppm;945;436;1007;490
00023.ppm;49;356;137;446
00024.ppm;111;463;142;490
00024.ppm;97;429;152;464
00025.ppm;732;423;770;457
00025.ppm;142;356;189;405
00026.ppm;454;410;491;449
00026.ppm;291;346;355;412
00026.ppm;856;317;922;400
00027.ppm;102;375;155;428
00027.ppm;968;385;1023;440
00028.ppm;777;405;833;452
00028.ppm;1183;366;1226;407
00029.ppm;1092;394;1133;433
00029.ppm;920;462;953;497
00030.ppm;395;511;417;536
00030.ppm;1249;393;1274;420
00031.ppm;598;457;627;486
00031.ppm;761;428;810;473
00032.ppm;677;443;705;468
00032.ppm;683;470;704;492
00032.ppm;1179;483;1208;508
00033.ppm;24;508;87;567
00034.ppm;867;430;898;460
00035.ppm;264;476;302;513
00035.ppm;681;441;711;468
00036.ppm;1136;393;1164;425
00036.ppm;226;45;296;119
00036.ppm;1138;424;1163;449
00037.ppm;668;527;690;547
00038.ppm;1120;445;1141;463
00039.ppm;952;254;1016;313
00039.ppm;943;168;1019;250
00039.ppm;927;216;981;276
00040.ppm;1038;313;1129;396
00040.ppm;1019;206;1133;315
00041.ppm;1310;257;1338;284
00041.ppm;1000;485;1031;515
00041.ppm;1308;286;1340;316
00042.ppm;916;300;994;374
00042.ppm;1074;426;1108;457
00042.ppm;1045;87;1193;267
00042.ppm;1068;214;1165;262
00042.ppm;1310;410;1338;438
00043.ppm;1035;294;1093;356
00043.ppm;1047;356;1091;403
00044.ppm;751;403;780;433
00045.ppm;180;508;243;592
00045.ppm;716;231;756;265
00046.ppm;1045;127;1169;239
00046.ppm;1122;181;1160;225
00047.ppm;553;462;579;488
00047.ppm;15;13;88;78
00048.ppm;342;524;379;560
00048.ppm;771;406;815;444
00048.ppm;781;444;812;474
00049.ppm;985;353;1027;398
00049.ppm;992;397;1023;434
00050.ppm;945;374;967;399
00050.ppm;943;340;974;372
00050.ppm;1188;180;1219;217
00051.ppm;968;215;1038;284
00051.ppm;958;188;1046;288
00051.ppm;209;504;239;533
00052.ppm;827;281;877;332
00052.ppm;331;291;372;331
00052.ppm;833;352;870;388
00053.ppm;766;439;800;470
00053.ppm;1157;334;1196;370
00054.ppm;972;441;1000;468
00054.ppm;456;519;476;539
00054.ppm;1115;438;1151;473
00054.ppm;1117;473;1144;501
00054.ppm;1181;498;1218;531
00055.ppm;702;414;747;455
00055.ppm;456;207;481;231
00056.ppm;728;435;760;466
00057.ppm;990;417;1036;465
00057.ppm;727;480;753;503
00057.ppm;384;465;413;491
00057.ppm;1244;698;1300;758
00057.ppm;1;156;79;286
00058.ppm;787;393;824;434
00058.ppm;1039;474;1067;499
00058.ppm;913;492;936;520
00059.ppm;796;400;854;462
00059.ppm;839;484;893;544
00059.ppm;988;384;1051;445
00060.ppm;294;508;320;534
00060.ppm;816;439;842;464
00060.ppm;761;221;823;278
00060.ppm;539;240;591;301
00061.ppm;1224;332;1287;393
00062.ppm;1001;202;1028;237
00063.ppm;857;419;887;446
00064.ppm;785;446;808;468
00065.ppm;975;378;1022;425
00066.ppm;568;485;619;535
00066.ppm;857;489;895;527
00067.ppm;948;434;979;464
00068.ppm;850;458;869;478
00070.ppm;940;298;1032;371
00070.ppm;1035;432;1070;465
00070.ppm;925;107;985;160
00071.ppm;793;473;822;501
00071.ppm;796;502;822;528
00072.ppm;836;455;858;477
00073.ppm;727;457;750;476
00073.ppm;726;475;750;496
00073.ppm;722;428;752;456
00073.ppm;428;453;452;474
00074.ppm;931;377;982;429
00074.ppm;382;528;423;568
00074.ppm;439;402;487;451
00074.ppm;583;430;620;462
00074.ppm;588;514;610;539
00075.ppm;1130;407;1179;453
00075.ppm;1118;349;1190;409
00076.ppm;789;470;815;494
00076.ppm;785;439;819;471
00077.ppm;961;407;1009;453
00077.ppm;952;350;1017;408
00078.ppm;1215;207;1317;308
00078.ppm;800;463;821;482
00079.ppm;439;480;458;504
00080.ppm;830;381;880;431
00081.ppm;964;231;1042;298
00082.ppm;380;522;430;579
00082.ppm;248;492;328;579
00083.ppm;1074;298;1137;364
00083.ppm;1054;206;1153;297
00083.ppm;131;488;217;578
00084.ppm;708;525;734;549
00084.ppm;989;391;1032;431
00084.ppm;854;449;883;476
00085.ppm;844;429;875;459
00086.ppm;945;296;1003;361
00087.ppm;305;419;339;456
00087.ppm;908;431;947;470
00088.ppm;409;465;434;489
00088.ppm;410;439;436;464
00088.ppm;955;462;982;488
00088.ppm;956;439;981;464
00089.ppm;633;446;661;473
00089.ppm;1026;438;1055;466
00090.ppm;966;429;1007;464
00091.ppm;510;384;551;420
00091.ppm;1056;375;1096;412
00091.ppm;867;443;896;468
00092.ppm;418;418;447;446
00092.ppm;423;449;443;470
00092.ppm;717;439;740;462
00092.ppm;813;423;832;440
00092.ppm;1036;238;1105;279
00092.ppm;92;420;114;442
00093.ppm;1075;338;1120;388
00093.ppm;343;396;379;434
00094.ppm;112;315;188;393
00094.ppm;948;369;997;418
00095.ppm;696;458;720;481
00095.ppm;694;443;721;467
00095.ppm;694;437;723;461
00095.ppm;912;679;1050;771
00096.ppm;1130;374;1176;419
00096.ppm;701;396;738;433
00096.ppm;1140;419;1175;456
00096.ppm;745;387;799;434
00097.ppm;288;327;330;365
00097.ppm;1128;339;1166;375
00097.ppm;149;448;197;496
00098.ppm;595;288;667;346
00098.ppm;1207;244;1298;314
00099.ppm;911;500;949;532
00100.ppm;860;506;901;539
00100.ppm;414;508;451;541
00101.ppm;835;403;890;459
00102.ppm;935;314;990;363
00102.ppm;944;375;982;415
00102.ppm;957;417;979;439
00102.ppm;1174;442;1211;477
00102.ppm;771;645;813;685
00103.ppm;850;351;894;397
00103.ppm;856;397;890;430
00103.ppm;1170;456;1197;478
00104.ppm;696;464;726;489
00104.ppm;766;462;809;499
00105.ppm;958;376;1026;438
00105.ppm;254;438;302;482
00105.ppm;438;612;490;663
00106.ppm;903;370;988;441
00107.ppm;490;534;529;573
00107.ppm;485;484;543;534
00109.ppm;990;484;1020;512
00110.ppm;931;491;953;513
00111.ppm;349;503;381;534
00111.ppm;1089;465;1122;494
00112.ppm;1187;474;1224;511
00112.ppm;366;474;398;505
00113.ppm;349;414;421;478
00114.ppm;1168;422;1230;480
00115.ppm;330;523;352;546
00115.ppm;855;218;953;312
00115.ppm;623;496;647;524
00115.ppm;892;333;924;363
00116.ppm;1079;255;1136;311
00116.ppm;174;476;198;498
00116.ppm;382;474;398;501
00117.ppm;102;425;134;461
00117.ppm;439;501;496;557
00117.ppm;1142;510;1171;539
00118.ppm;232;505;285;562
00119.ppm;1084;394;1118;430
00119.ppm;845;471;873;496
00119.ppm;480;503;506;531
00119.ppm;370;452;399;482
00119.ppm;182;441;224;480
00119.ppm;352;494;376;525
00119.ppm;504;413;531;439
00119.ppm;105;507;138;540
00119.ppm;343;485;384;518
00119.ppm;1060;453;1078;472
00119.ppm;833;246;856;267
00120.ppm;55;238;164;340
00121.ppm;92;309;185;408
00122.ppm;883;497;906;519
00123.ppm;519;493;551;524
00123.ppm;1101;480;1133;514
00124.ppm;531;483;557;506
00124.ppm;977;471;1002;495
00125.ppm;1015;314;1108;399
00126.ppm;379;364;411;394
00126.ppm;839;373;868;402
00126.ppm;374;421;404;451
00126.ppm;444;422;466;443
00126.ppm;486;423;501;441
00127.ppm;1008;378;1048;416
00127.ppm;139;385;176;422
00128.ppm;1147;397;1180;433
00128.ppm;360;332;405;373
00129.ppm;962;378;1010;427
00129.ppm;864;399;905;438
00129.ppm;354;172;438;227
00129.ppm;1016;374;1068;425
00130.ppm;208;425;237;453
00130.ppm;599;431;625;456
00130.ppm;320;439;344;466
00131.ppm;475;389;500;416
00131.ppm;1009;431;1034;453
00131.ppm;403;336;438;370
00132.ppm;1038;295;1078;337
00132.ppm;313;307;392;375
00132.ppm;807;463;826;480
00132.ppm;248;298;282;329
00133.ppm;841;430;859;450
00133.ppm;840;408;861;431
00133.ppm;504;414;522;432
00134.ppm;1009;300;1070;363
00134.ppm;437;86;524;211
00135.ppm;720;299;778;354
00136.ppm;814;400;857;437
00136.ppm;1031;286;1062;318
00136.ppm;514;479;540;500
00136.ppm;1038;509;1074;543
00137.ppm;826;323;889;385
00138.ppm;157;179;233;269
00138.ppm;1303;399;1337;432
00138.ppm;976;337;1041;391
00140.ppm;245;470;277;501
00141.ppm;857;379;895;415
00143.ppm;243;185;309;258
00143.ppm;548;423;609;468
00143.ppm;165;428;242;508
00143.ppm;256;261;288;295
00144.ppm;707;444;728;464
00145.ppm;723;488;741;509
00146.ppm;710;425;729;445
00146.ppm;706;404;732;426
00146.ppm;1206;121;1327;246
00146.ppm;1101;186;1206;294
00147.ppm;751;419;785;451
00148.ppm;873;354;942;415
00149.ppm;1108;155;1228;270
00149.ppm;1129;272;1222;359
00149.ppm;702;459;725;483
00150.ppm;823;345;865;385
00151.ppm;794;373;823;401
00152.ppm;606;424;627;446
00152.ppm;268;350;297;378
00153.ppm;307;410;338;440
00154.ppm;693;411;717;436
00154.ppm;1062;392;1107;451
00154.ppm;857;370;887;397
00154.ppm;624;437;655;464
00155.ppm;425;386;467;429
00155.ppm;859;287;897;323
00155.ppm;498;427;529;456
00156.ppm;818;387;847;415
00157.ppm;261;422;298;458
00157.ppm;651;506;671;525
00157.ppm;884;392;927;432
00158.ppm;905;411;934;439
00159.ppm;976;445;1030;503
00159.ppm;713;476;741;502
00159.ppm;86;474;115;501
00159.ppm;890;468;918;504
00160.ppm;609;389;655;428
00161.ppm;717;445;734;462
00162.ppm;712;432;732;451
00162.ppm;241;428;261;447
00162.ppm;544;444;562;461
00162.ppm;414;422;437;445
00162.ppm;911;419;949;454
00162.ppm;60;235;145;321
00163.ppm;756;474;823;544
00164.ppm;875;376;918;415
00165.ppm;687;291;748;341
00165.ppm;381;412;398;431
00165.ppm;131;420;151;443
00165.ppm;698;344;719;365
00166.ppm;812;382;848;414
00167.ppm;369;446;391;468
00167.ppm;729;432;751;454
00167.ppm;1112;396;1164;466
00168.ppm;693;419;719;442
00169.ppm;1088;151;1211;271
00170.ppm;912;323;943;355
00171.ppm;882;383;932;429
00171.ppm;883;335;933;383
00172.ppm;712;470;741;495
00172.ppm;718;417;738;437
00172.ppm;254;356;280;380
00173.ppm;1111;278;1162;328
00173.ppm;841;514;864;539
00173.ppm;1159;315;1185;340
00173.ppm;164;201;720;608
00174.ppm;802;300;858;366
00174.ppm;719;416;753;443
00174.ppm;721;441;748;465
00175.ppm;893;341;943;392
00176.ppm;849;413;875;439
00177.ppm;1270;404;1308;434
00177.ppm;270;414;314;457
00177.ppm;745;422;784;461
00178.ppm;727;455;747;475
00178.ppm;552;396;581;420
00179.ppm;685;420;706;440
00180.ppm;968;383;1004;419
00181.ppm;795;301;853;356
00181.ppm;1252;275;1283;310
00182.ppm;656;413;685;439
00182.ppm;655;382;689;413
00183.ppm;764;371;807;406
00184.ppm;792;272;850;332
00184.ppm;1004;1;1121;77
00184.ppm;487;378;536;412
00185.ppm;967;150;1077;253
00186.ppm;324;428;344;447
00186.ppm;600;432;626;456
00187.ppm;159;394;192;427
00187.ppm;675;406;709;438
00187.ppm;1262;66;1350;153
00188.ppm;706;381;749;421
00189.ppm;851;338;916;392
00190.ppm;670;401;690;421
00190.ppm;618;374;649;402
00191.ppm;692;405;729;438
00192.ppm;667;260;734;336
00192.ppm;311;440;334;462
00192.ppm;494;416;517;438
00193.ppm;725;223;836;329
00193.ppm;177;433;214;472
00194.ppm;719;306;789;370
00194.ppm;176;399;204;426
00194.ppm;229;334;262;368
00195.ppm;782;397;821;430
00195.ppm;1039;159;1164;268
00195.ppm;788;424;816;450
00195.ppm;1064;591;1109;636
00195.ppm;993;239;1032;276
00195.ppm;1114;374;1144;405
00196.ppm;735;371;778;413
00196.ppm;727;316;790;371
00197.ppm;872;283;953;357
00198.ppm;1015;31;1114;135
00198.ppm;682;438;696;455
00198.ppm;677;413;703;434
00199.ppm;827;324;881;373
00199.ppm;838;373;866;404
00200.ppm;850;365;897;417
00200.ppm;839;288;912;361
00200.ppm;258;403;282;428
00200.ppm;1198;289;1238;328
00201.ppm;762;351;811;395
00201.ppm;1116;187;1182;244
00202.ppm;658;320;704;363
00202.ppm;916;292;973;336
00202.ppm;53;315;103;360
00203.ppm;757;374;783;400
00203.ppm;291;453;317;480
00204.ppm;732;262;783;315
00204.ppm;861;150;942;239
00204.ppm;853;536;939;608
00204.ppm;854;497;940;620
00205.ppm;1202;332;1326;449
00205.ppm;384;452;416;487
00206.ppm;1150;119;1232;195
00206.ppm;1159;187;1226;263
00206.ppm;55;14;161;97
00206.ppm;62;110;132;176
00206.ppm;826;470;847;491
00206.ppm;1187;263;1216;294
00206.ppm;70;257;100;286
00207.ppm;870;314;939;377
00207.ppm;1301;334;1345;372
00207.ppm;1140;373;1167;397
00208.ppm;639;242;729;317
00209.ppm;1113;285;1168;341
00209.ppm;1105;210;1177;282
00210.ppm;1017;418;1037;441
00210.ppm;1172;538;1243;591
00210.ppm;1012;387;1042;417
00210.ppm;1205;328;1242;364
00211.ppm;666;412;703;445
00211.ppm;800;356;820;383
00212.ppm;294;428;314;450
00212.ppm;758;403;783;429
00212.ppm;721;381;749;409
00214.ppm;1212;241;1289;312
00214.ppm;1180;128;1296;235
00214.ppm;727;409;770;448
00214.ppm;1155;218;1190;254
00214.ppm;276;431;308;470
00214.ppm;737;447;764;476
00215.ppm;784;481;805;500
00216.ppm;310;442;336;466
00216.ppm;885;446;911;471
00217.ppm;969;269;1033;327
00217.ppm;991;202;1059;259
00218.ppm;808;436;828;456
00219.ppm;1088;345;1144;399
00219.ppm;1081;270;1152;340
00219.ppm;484;329;511;360
00220.ppm;1126;284;1168;325
00220.ppm;267;285;341;345
00220.ppm;791;403;821;437
00221.ppm;986;420;1043;469
00221.ppm;805;459;823;477
00222.ppm;985;354;1021;390
00223.ppm;814;334;858;373
00224.ppm;924;276;977;339
00224.ppm;933;184;1029;275
00224.ppm;973;260;1043;331
00224.ppm;811;372;853;413
00225.ppm;856;268;925;331
00225.ppm;624;193;684;244
00225.ppm;377;265;402;293
00226.ppm;1150;225;1220;288
00227.ppm;1229;258;1306;330
00228.ppm;934;293;999;355
00229.ppm;1305;381;1343;414
00229.ppm;1273;382;1308;417
00229.ppm;1281;339;1334;384
00229.ppm;859;414;885;440
00230.ppm;974;399;1003;425
00230.ppm;967;428;1007;462
00231.ppm;1146;362;1184;398
00232.ppm;870;381;910;416
00232.ppm;589;497;618;523
00232.ppm;298;421;339;456
00233.ppm;326;486;358;516
00234.ppm;1049;274;1116;337
00234.ppm;457;395;494;425
00234.ppm;1306;207;1337;239
00235.ppm;582;323;658;381
00235.ppm;471;420;531;490
00235.ppm;1217;380;1242;406
00235.ppm;569;324;608;367
00235.ppm;979;195;1035;250
00235.ppm;1272;23;1360;134
00236.ppm;1080;272;1201;397
00237.ppm;289;389;321;422
00237.ppm;822;360;856;393
00237.ppm;358;488;396;525
00238.ppm;848;441;877;470
00238.ppm;842;401;881;435
00239.ppm;827;411;856;439
00239.ppm;156;332;196;374
00239.ppm;786;411;814;436
00239.ppm;791;436;810;457
00239.ppm;972;349;1008;379
00240.ppm;846;364;879;396
00241.ppm;836;400;881;441
00242.ppm;848;389;872;411
00242.ppm;1195;264;1299;357
00243.ppm;843;446;868;470
00244.ppm;490;390;531;427
00244.ppm;1234;345;1286;392
00245.ppm;476;443;499;463
00245.ppm;851;438;873;460
00246.ppm;310;378;355;423
00246.ppm;1091;353;1135;395
00247.ppm;469;453;491;473
00247.ppm;855;447;877;468
00248.ppm;843;430;870;455
00248.ppm;203;452;227;477
00249.ppm;1212;418;1243;451
00250.ppm;907;445;932;470
00250.ppm;101;422;170;493
00250.ppm;106;499;171;586
00251.ppm;113;423;205;531
00251.ppm;354;445;405;508
00252.ppm;909;327;958;370
00252.ppm;916;387;960;433
00252.ppm;243;410;273;441
00253.ppm;1188;133;1296;240
00254.ppm;1172;271;1239;336
00254.ppm;1266;367;1294;395
00255.ppm;184;503;260;579
00255.ppm;387;501;431;552
00256.ppm;1104;42;1239;151
00256.ppm;866;380;891;404
00256.ppm;1035;336;1069;371
00257.ppm;1234;334;1298;385
00257.ppm;1079;388;1118;423
00258.ppm;347;490;381;522
00258.ppm;744;469;779;501
00259.ppm;1202;329;1247;373
00259.ppm;451;355;479;383
00259.ppm;379;378;401;403
00259.ppm;412;390;436;414
00260.ppm;720;265;782;327
00261.ppm;1149;249;1206;311
00261.ppm;528;309;568;361
00261.ppm;813;426;837;452
00261.ppm;1159;310;1198;353
00261.ppm;524;476;542;495
00261.ppm;822;238;877;285
00262.ppm;896;281;952;336
00262.ppm;1036;31;1148;143
00262.ppm;1036;148;1173;281
00263.ppm;645;417;666;436
00264.ppm;965;434;990;458
00264.ppm;964;412;989;434
00264.ppm;507;466;530;488
00265.ppm;802;455;828;481
00265.ppm;797;424;835;458
00266.ppm;241;450;293;500
00267.ppm;857;385;889;416
00267.ppm;833;380;856;402
00268.ppm;892;396;917;419
00269.ppm;965;429;990;453
00269.ppm;870;427;902;463
00270.ppm;1237;278;1291;331
00270.ppm;240;332;297;388
00270.ppm;1237;330;1291;384
00271.ppm;257;372;294;403
00271.ppm;1090;341;1129;378
00272.ppm;310;397;375;460
00272.ppm;1218;314;1299;386
00272.ppm;466;401;484;420
00272.ppm;1123;345;1145;364
00273.ppm;1080;287;1145;342
00274.ppm;974;394;1010;427
00274.ppm;901;409;922;431
00274.ppm;871;433;891;453
00274.ppm;378;363;401;390
00275.ppm;208;411;237;444
00275.ppm;1198;341;1239;385
00275.ppm;1180;53;1221;85
00276.ppm;110;467;151;514
00276.ppm;798;349;843;386
00276.ppm;545;404;574;430
00276.ppm;347;696;479;792
00277.ppm;1048;399;1073;424
00278.ppm;918;357;954;387
00278.ppm;924;389;952;416
00278.ppm;1091;410;1118;435
00278.ppm;1082;384;1134;424
00279.ppm;618;485;672;541
00280.ppm;1133;356;1179;407
00280.ppm;1053;391;1084;419
00281.ppm;984;391;1017;423
00281.ppm;982;362;1018;393
00282.ppm;867;413;902;442
00282.ppm;476;407;503;432
00282.ppm;254;442;295;481
00283.ppm;1176;112;1279;214
00284.ppm;993;345;1052;401
00284.ppm;981;269;1064;347
00284.ppm;1085;449;1135;502
00285.ppm;1087;304;1146;357
00286.ppm;1015;360;1044;388
00286.ppm;510;282;536;302
00286.ppm;1038;319;1080;361
00287.ppm;1112;369;1153;409
00288.ppm;984;439;1007;461
00288.ppm;409;457;435;478
00289.ppm;284;403;325;442
00289.ppm;1282;380;1324;423
00290.ppm;1294;391;1327;425
00291.ppm;1131;382;1165;421
00292.ppm;314;447;345;476
00292.ppm;981;421;1011;452
00293.ppm;1143;363;1194;413
00293.ppm;26;409;71;455
00294.ppm;100;404;150;451
00294.ppm;1171;326;1232;380
00295.ppm;1008;441;1029;461
00295.ppm;1226;362;1274;410
00295.ppm;95;417;146;461
00296.ppm;458;409;492;441
00296.ppm;1238;382;1269;416
00297.ppm;593;443;620;468
00297.ppm;1016;444;1043;470
00298.ppm;1238;253;1315;329
00298.ppm;1220;166;1329;263
00298.ppm;68;443;106;475
00298.ppm;120;427;144;454
00299.ppm;1246;249;1303;307
00300.ppm;779;420;801;441
00300.ppm;680;430;710;456
00301.ppm;1059;266;1130;320
00301.ppm;1073;316;1124;366
00302.ppm;1120;335;1165;374
00303.ppm;1187;384;1216;412
00304.ppm;505;386;550;431
00304.ppm;969;429;987;449
00305.ppm;548;352;595;394
00305.ppm;763;368;829;421
00306.ppm;351;470;388;504
00306.ppm;1047;422;1084;454
00307.ppm;796;453;827;483
00307.ppm;891;417;935;457
00307.ppm;828;452;861;484
00307.ppm;830;374;858;401
00307.ppm;455;475;488;506
00309.ppm;180;388;220;429
00309.ppm;1159;354;1202;394
00310.ppm;1151;387;1190;427
00311.ppm;616;423;650;456
00311.ppm;1296;390;1330;424
00312.ppm;123;274;224;365
00312.ppm;678;433;699;455
00312.ppm;1226;419;1250;443
00313.ppm;369;421;421;470
00314.ppm;395;452;429;483
00315.ppm;173;422;209;461
00316.ppm;996;420;1020;444
00316.ppm;696;436;719;457
00316.ppm;993;395;1023;420
00316.ppm;692;413;719;437
00317.ppm;1121;377;1166;420
00318.ppm;630;450;658;477
00318.ppm;444;474;481;511
00318.ppm;780;481;800;502
00319.ppm;1201;402;1249;448
00319.ppm;568;436;613;480
00320.ppm;919;402;951;433
00322.ppm;337;406;381;447
00322.ppm;1166;326;1208;368
00322.ppm;1148;324;1169;344
00323.ppm;397;437;423;463
00323.ppm;854;440;881;466
00326.ppm;791;360;833;397
00326.ppm;773;385;843;456
00327.ppm;408;122;462;175
00328.ppm;203;315;233;341
00328.ppm;570;460;593;478
00329.ppm;89;379;120;411
00329.ppm;299;510;320;533
00330.ppm;1051;312;1115;379
00333.ppm;118;413;175;476
00333.ppm;755;386;808;443
00333.ppm;459;479;558;563
00334.ppm;761;436;795;470
00334.ppm;324;452;368;496
00334.ppm;617;217;654;255
00334.ppm;1216;470;1271;526
00337.ppm;902;408;932;439
00338.ppm;505;417;536;451
00338.ppm;998;398;1030;428
00338.ppm;505;398;539;427
00338.ppm;999;422;1028;453
00339.ppm;626;442;659;477
00339.ppm;969;413;1022;462
00341.ppm;924;462;998;523
00342.ppm;668;444;700;475
00342.ppm;613;440;645;473
00342.ppm;837;449;867;481
00342.ppm;548;456;571;478
00343.ppm;802;530;830;557
00343.ppm;484;507;511;535
00344.ppm;798;415;877;493
00344.ppm;607;550;627;569
00344.ppm;326;505;358;533
00346.ppm;883;542;911;569
00346.ppm;291;542;320;569
00347.ppm;912;545;969;594
00348.ppm;951;522;991;561
00349.ppm;51;453;115;510
00350.ppm;475;543;508;573
00351.ppm;510;532;538;560
00352.ppm;968;550;995;575
00352.ppm;526;552;556;581
00355.ppm;474;539;505;568
00356.ppm;253;499;310;547
00357.ppm;462;528;497;563
00363.ppm;410;527;451;564
00363.ppm;405;483;450;524
00365.ppm;636;556;694;599
00365.ppm;665;563;696;587
00365.ppm;611;559;643;581
00366.ppm;515;530;542;553
00366.ppm;517;553;540;576
00367.ppm;226;487;275;530
00367.ppm;1032;502;1066;537
00367.ppm;1032;544;1069;581
00368.ppm;379;511;430;560
00368.ppm;382;459;432;507
00369.ppm;519;543;542;564
00369.ppm;519;564;542;585
00369.ppm;875;551;896;569
00369.ppm;873;531;896;551
00369.ppm;451;541;470;560
00370.ppm;442;554;467;575
00370.ppm;440;532;466;554
00370.ppm;880;535;905;559
00370.ppm;880;558;907;582
00371.ppm;315;522;370;576
00372.ppm;974;487;1018;526
00373.ppm;818;511;853;544
00373.ppm;164;517;195;546
00374.ppm;669;561;697;589
00377.ppm;236;533;275;569
00377.ppm;240;492;277;528
00377.ppm;1135;540;1173;579
00377.ppm;1133;503;1171;539
00378.ppm;19;238;151;357
00378.ppm;21;369;141;474
00379.ppm;187;504;232;547
00379.ppm;1064;487;1109;533
00379.ppm;185;458;230;499
00379.ppm;1061;442;1107;487
00380.ppm;552;537;575;558
00380.ppm;552;559;575;582
00382.ppm;447;529;485;566
00382.ppm;444;490;486;529
00382.ppm;1207;494;1249;533
00382.ppm;1210;534;1250;570
00383.ppm;529;546;560;574
00383.ppm;988;539;1023;571
00384.ppm;1201;480;1266;543
00384.ppm;1200;413;1265;477
00385.ppm;977;529;1017;565
00385.ppm;267;532;306;569
00386.ppm;975;550;1000;572
00386.ppm;555;560;580;584
00387.ppm;413;500;477;559
00387.ppm;1180;484;1255;546
00388.ppm;1279;502;1340;548
00390.ppm;454;502;504;550
00390.ppm;1216;493;1262;537
00390.ppm;803;581;829;608
00391.ppm;197;511;244;551
00392.ppm;360;445;420;506
00395.ppm;898;516;938;556
00395.ppm;196;518;245;562
00398.ppm;771;556;796;580
00398.ppm;771;535;795;559
00398.ppm;1055;308;1098;339
00401.ppm;1123;495;1163;536
00401.ppm;421;497;459;535
00403.ppm;567;541;590;564
00403.ppm;566;563;591;588
00403.ppm;938;531;965;558
00404.ppm;1257;417;1308;466
00404.ppm;334;414;394;474
00405.ppm;352;442;411;499
00405.ppm;1253;402;1314;467
00406.ppm;1049;508;1095;550
00406.ppm;851;544;880;572
00407.ppm;725;405;881;601
00408.ppm;1136;479;1205;544
00408.ppm;129;462;213;534
00409.ppm;257;518;299;555
00409.ppm;514;508;534;531
00409.ppm;743;181;785;216
00410.ppm;366;614;422;669
00411.ppm;495;553;529;587
00411.ppm;185;603;238;658
00411.ppm;105;556;142;589
00412.ppm;1000;499;1049;545
00413.ppm;1039;482;1080;524
00414.ppm;1033;421;1078;467
00416.ppm;813;505;851;541
00418.ppm;459;564;481;583
00418.ppm;457;537;487;565
00419.ppm;978;487;1027;536
00419.ppm;426;579;454;604
00419.ppm;577;538;633;597
00420.ppm;361;546;383;570
00420.ppm;828;540;852;563
00423.ppm;1151;443;1243;531
00423.ppm;361;470;452;548
00424.ppm;527;569;550;595
00425.ppm;299;543;344;581
00425.ppm;301;502;342;541
00425.ppm;899;499;943;540
00425.ppm;902;541;944;581
00426.ppm;1077;386;1199;498
00427.ppm;292;384;389;476
00428.ppm;325;548;352;575
00428.ppm;937;546;965;569
00430.ppm;930;413;1006;488
00431.ppm;1142;496;1179;535
00431.ppm;275;527;312;562
00432.ppm;941;512;970;539
00432.ppm;237;558;264;584
00433.ppm;511;530;567;583
00434.ppm;166;194;256;283
00435.ppm;834;536;862;564
00436.ppm;794;531;817;553
00436.ppm;285;547;313;573
00438.ppm;532;559;554;580
00438.ppm;839;555;862;578
00439.ppm;1196;505;1251;561
00440.ppm;1244;493;1325;559
00440.ppm;962;423;1004;464
00441.ppm;1064;530;1112;578
00442.ppm;381;536;419;571
00443.ppm;468;552;502;579
00444.ppm;378;528;428;572
00444.ppm;389;569;419;597
00444.ppm;973;571;1002;601
00444.ppm;966;532;1010;572
00445.ppm;1022;499;1068;542
00445.ppm;210;520;256;559
00445.ppm;1055;576;1089;609
00446.ppm;774;568;808;600
00446.ppm;769;497;803;529
00446.ppm;400;505;439;541
00446.ppm;957;501;978;527
00447.ppm;1183;422;1268;490
00448.ppm;581;599;601;619
00449.ppm;212;468;251;504
00449.ppm;814;450;851;482
00449.ppm;199;468;246;512
00451.ppm;791;558;817;584
00452.ppm;877;541;916;580
00453.ppm;1215;330;1300;402
00453.ppm;1129;287;1172;322
00454.ppm;421;467;519;547
00455.ppm;1091;357;1192;444
00455.ppm;1220;262;1329;384
00455.ppm;541;372;688;466
00455.ppm;76;461;108;491
00455.ppm;638;433;659;457
00456.ppm;423;415;474;465
00457.ppm;517;467;553;501
00457.ppm;1243;419;1301;471
00458.ppm;407;444;432;473
00459.ppm;884;547;908;573
00459.ppm;878;514;912;548
00459.ppm;291;594;311;614
00460.ppm;836;484;859;512
00460.ppm;5;614;93;676
00461.ppm;1234;265;1299;327
00461.ppm;1237;409;1268;437
00462.ppm;1094;516;1132;576
00463.ppm;556;629;585;657
00464.ppm;801;437;845;492
00465.ppm;1242;317;1331;391
00465.ppm;110;181;163;227
00465.ppm;954;556;980;584
00466.ppm;1218;400;1266;443
00466.ppm;519;494;541;517
00466.ppm;1226;440;1262;474
00466.ppm;514;468;548;496
00466.ppm;486;486;542;533
00467.ppm;1134;499;1167;535
00468.ppm;1129;507;1164;541
00469.ppm;4;583;27;607
00469.ppm;278;561;303;587
00469.ppm;38;363;68;399
00470.ppm;1137;215;1239;332
00470.ppm;823;489;846;512
00470.ppm;236;269;276;306
00470.ppm;905;514;937;544
00470.ppm;892;506;936;546
00471.ppm;788;491;817;518
00471.ppm;878;529;895;550
00472.ppm;881;498;924;543
00473.ppm;1152;507;1185;536
00473.ppm;505;531;539;564
00474.ppm;515;569;544;598
00475.ppm;1231;468;1312;540
00476.ppm;1152;523;1188;556
00476.ppm;162;517;199;554
00477.ppm;298;506;337;543
00478.ppm;218;482;257;522
00478.ppm;922;472;962;509
00479.ppm;990;539;1020;567
00479.ppm;984;499;1025;537
00480.ppm;1056;444;1104;489
00480.ppm;242;545;267;570
00481.ppm;909;504;943;535
00481.ppm;989;459;1022;490
00481.ppm;911;511;940;552
00482.ppm;732;524;769;564
00482.ppm;261;528;293;562
00482.ppm;283;563;302;588
00482.ppm;1237;424;1268;455
00482.ppm;794;616;828;648
00482.ppm;1053;564;1071;589
00482.ppm;189;566;211;588
00483.ppm;149;510;202;559
00484.ppm;1002;528;1037;562
00484.ppm;338;508;373;542
00485.ppm;201;377;280;453
00486.ppm;410;516;465;572
00487.ppm;625;605;645;625
00488.ppm;495;611;516;631
00488.ppm;1156;513;1208;558
00488.ppm;1100;544;1133;570
00490.ppm;848;535;867;555
00490.ppm;842;515;869;539
00490.ppm;644;594;665;619
00491.ppm;432;570;488;633
00492.ppm;893;530;922;559
00493.ppm;911;453;965;501
00493.ppm;491;300;569;386
00494.ppm;1110;303;1208;388
00496.ppm;510;496;552;533
00496.ppm;507;536;548;574
00496.ppm;1068;322;1104;357
00497.ppm;1020;464;1072;512
00497.ppm;380;514;428;556
00498.ppm;245;582;298;633
00498.ppm;252;479;294;525
00499.ppm;1013;499;1050;530
00500.ppm;955;497;999;544
00500.ppm;504;529;567;583
00501.ppm;106;640;216;750
00501.ppm;609;557;630;577
00501.ppm;119;274;223;381
00501.ppm;944;557;962;576
00502.ppm;558;575;591;608
00502.ppm;56;554;87;583
00502.ppm;576;554;605;580
00503.ppm;357;579;420;647
00504.ppm;379;598;404;625
00505.ppm;1051;479;1091;523
00506.ppm;974;574;1034;635
00507.ppm;876;473;936;522
00508.ppm;125;233;308;407
00508.ppm;864;494;911;532
00509.ppm;830;485;878;527
00509.ppm;692;486;731;519
00509.ppm;508;526;530;556
00510.ppm;683;568;705;589
00512.ppm;1139;490;1179;528
00512.ppm;230;485;270;521
00513.ppm;141;499;197;554
00514.ppm;380;511;417;544
00515.ppm;253;360;331;432
00516.ppm;240;279;298;332
00516.ppm;243;509;265;530
00517.ppm;268;422;345;494
00518.ppm;453;528;496;569
00520.ppm;376;509;437;564
00520.ppm;419;328;519;460
00521.ppm;376;575;404;603
00521.ppm;945;565;976;594
00523.ppm;455;516;501;562
00523.ppm;1285;513;1330;554
00524.ppm;187;528;242;583
00524.ppm;1218;527;1273;579
00526.ppm;586;473;622;506
00527.ppm;873;425;906;456
00527.ppm;360;420;390;450
00528.ppm;985;337;1028;380
00528.ppm;1027;332;1052;356
00528.ppm;165;416;206;455
00528.ppm;962;335;986;357
00529.ppm;1132;417;1166;450
00530.ppm;1008;402;1043;433
00530.ppm;423;401;458;435
00531.ppm;483;443;504;462
00531.ppm;908;431;932;453
00535.ppm;72;406;97;430
00536.ppm;723;477;740;495
00537.ppm;50;120;74;151
00542.ppm;843;441;865;463
00544.ppm;1054;296;1121;358
00544.ppm;743;438;762;458
00544.ppm;991;427;1025;457
00544.ppm;1027;473;1064;500
00544.ppm;1120;491;1174;544
00544.ppm;70;167;275;282
00545.ppm;212;435;247;473
00545.ppm;916;312;949;344
00545.ppm;1189;380;1213;406
00545.ppm;1283;256;1307;288
00545.ppm;508;292;602;382
00548.ppm;782;470;806;494
00548.ppm;776;432;811;466
00548.ppm;968;342;1005;379
00550.ppm;886;493;916;523
00551.ppm;936;465;966;493
00552.ppm;813;509;831;527
00552.ppm;535;511;555;531
00552.ppm;814;522;832;539
00554.ppm;948;474;987;505
00556.ppm;1196;500;1255;556
00556.ppm;354;394;394;436
00557.ppm;275;464;316;500
00557.ppm;458;462;503;503
00557.ppm;300;431;341;469
00557.ppm;308;441;337;468
00560.ppm;1039;173;1098;229
00564.ppm;756;368;799;407
00564.ppm;731;380;754;397
00564.ppm;376;432;397;454
00565.ppm;730;336;763;367
00565.ppm;310;380;349;417
00566.ppm;654;394;689;429
00566.ppm;124;418;159;449
00566.ppm;461;490;480;507
00566.ppm;615;490;634;511
00567.ppm;1052;410;1109;457
00567.ppm;914;431;934;453
00570.ppm;880;416;913;447
00571.ppm;1287;361;1309;383
00575.ppm;403;474;434;505
00575.ppm;646;413;666;432
00575.ppm;431;485;455;508
00576.ppm;711;376;738;402
00578.ppm;231;530;252;552
00579.ppm;26;468;77;515
00589.ppm;964;479;1016;526
00589.ppm;240;437;272;478
00591.ppm;170;453;205;484
00591.ppm;1006;436;1037;468
00592.ppm;1274;330;1318;371
00593.ppm;586;508;609;534
00594.ppm;597;230;645;276
00594.ppm;241;6;315;66
00594.ppm;810;125;858;179
00595.ppm;732;427;759;458
00595.ppm;877;307;946;366
00597.ppm;602;516;633;544
00599.ppm;698;454;721;476
00599.ppm;687;484;707;505
00601.ppm;83;446;145;506
00601.ppm;1189;175;1216;194
00602.ppm;442;542;474;574
00602.ppm;1267;553;1301;586
00603.ppm;361;445;417;499
00604.ppm;366;485;435;546
00605.ppm;849;502;880;533
00606.ppm;854;502;886;533
00607.ppm;891;474;949;523
00608.ppm;950;371;992;418
00608.ppm;208;506;237;543
00609.ppm;810;509;842;537
00609.ppm;310;512;343;544
00610.ppm;917;554;939;573
00610.ppm;912;523;938;553
00610.ppm;5;517;44;554
00610.ppm;36;540;58;573
00611.ppm;840;520;872;551
00611.ppm;838;489;872;520
00611.ppm;289;589;319;626
00612.ppm;126;522;217;611
00612.ppm;168;452;254;530
00612.ppm;176;376;244;447
00612.ppm;795;508;818;532
00613.ppm;1133;559;1166;594
00613.ppm;478;546;510;579
00614.ppm;647;572;675;603
00615.ppm;375;534;422;573
00615.ppm;878;531;925;573
00615.ppm;385;570;413;598
00616.ppm;877;541;904;566
00616.ppm;1196;628;1247;673
00616.ppm;433;559;463;586
00616.ppm;1191;606;1252;665
00617.ppm;851;215;1328;696
00618.ppm;839;538;870;563
00618.ppm;946;594;966;618
00619.ppm;841;415;878;449
00620.ppm;863;424;894;455
00620.ppm;570;481;592;504
00621.ppm;782;443;808;469
00622.ppm;814;426;855;464
00622.ppm;532;447;561;477
00623.ppm;972;375;1033;432
00624.ppm;389;506;433;553
00624.ppm;821;462;846;488
00624.ppm;544;507;572;534
00625.ppm;1038;375;1103;439
00626.ppm;854;404;892;442
00626.ppm;854;442;893;479
00628.ppm;996;278;1086;358
00628.ppm;222;1;289;54
00628.ppm;188;38;276;125
00630.ppm;1221;314;1286;383
00631.ppm;793;435;836;481
00632.ppm;99;379;148;422
00633.ppm;380;522;431;578
00633.ppm;1266;188;1322;254
00633.ppm;292;504;358;581
00633.ppm;273;472;301;504
00633.ppm;632;454;668;487
00634.ppm;524;371;570;413
00634.ppm;1134;383;1174;422
00634.ppm;1305;328;1341;369
00634.ppm;1040;343;1090;387
00634.ppm;1037;430;1069;464
00635.ppm;825;424;865;461
00635.ppm;832;462;861;492
00637.ppm;869;401;914;442
00637.ppm;78;508;153;575
00638.ppm;554;241;600;288
00638.ppm;912;378;950;413
00638.ppm;530;418;552;442
00639.ppm;292;504;338;551
00640.ppm;1104;350;1174;425
00640.ppm;1084;251;1185;357
00641.ppm;27;424;66;465
00642.ppm;858;323;932;402
00642.ppm;433;497;456;520
00643.ppm;626;503;655;536
00644.ppm;77;511;129;567
00644.ppm;285;435;316;464
00645.ppm;1033;310;1090;367
00645.ppm;527;484;552;507
00646.ppm;558;435;587;459
00646.ppm;1061;445;1088;468
00646.ppm;551;433;581;463
00647.ppm;610;514;633;536
00648.ppm;346;380;412;437
00648.ppm;328;521;359;550
00649.ppm;821;302;868;353
00650.ppm;1129;283;1191;350
00650.ppm;1170;323;1198;350
00650.ppm;1157;418;1202;468
00651.ppm;797;405;851;453
00651.ppm;787;341;858;404
00651.ppm;733;425;756;449
00651.ppm;145;279;171;302
00651.ppm;267;507;289;524
00652.ppm;627;481;663;508
00653.ppm;786;418;808;441
00653.ppm;778;380;806;412
00654.ppm;1241;304;1294;358
00654.ppm;302;494;340;533
00654.ppm;244;323;274;364
00655.ppm;542;521;565;543
00655.ppm;42;371;76;400
00655.ppm;939;326;976;366
00655.ppm;211;420;232;439
00655.ppm;38;428;75;458
00655.ppm;618;480;640;499
00656.ppm;574;464;600;489
00656.ppm;1134;454;1160;480
00656.ppm;189;409;230;441
00657.ppm;990;399;1027;434
00658.ppm;859;340;938;408
00659.ppm;994;430;1032;470
00659.ppm;168;406;206;445
00660.ppm;943;420;980;456
00661.ppm;1138;402;1170;429
00662.ppm;947;439;994;480
00663.ppm;831;307;894;358
00663.ppm;485;404;518;434
00663.ppm;857;369;879;391
00663.ppm;463;550;501;593
00664.ppm;849;436;881;467
00665.ppm;693;413;740;454
00667.ppm;735;444;763;471
00668.ppm;1084;255;1170;338
00668.ppm;1069;135;1187;247
00669.ppm;898;393;949;442
00670.ppm;996;305;1063;370
00671.ppm;846;393;883;428
00671.ppm;841;349;891;394
00672.ppm;124;263;192;329
00672.ppm;889;323;948;379
00672.ppm;117;338;136;361
00672.ppm;537;407;577;446
00672.ppm;918;538;944;568
00672.ppm;885;276;942;336
00673.ppm;309;428;334;453
00673.ppm;414;408;469;457
00674.ppm;713;369;753;405
00674.ppm;1012;119;1069;181
00675.ppm;642;502;676;536
00675.ppm;1008;389;1041;419
00675.ppm;669;397;704;432
00675.ppm;1011;419;1039;445
00675.ppm;944;400;974;431
00675.ppm;662;388;707;436
00677.ppm;22;425;46;448
00677.ppm;527;484;560;513
00677.ppm;863;504;896;530
00677.ppm;361;476;416;511
00678.ppm;698;404;741;442
00679.ppm;720;408;760;452
00679.ppm;708;342;769;404
00679.ppm;98;518;139;562
00679.ppm;334;514;351;533
00680.ppm;900;394;954;446
00680.ppm;394;429;419;448
00680.ppm;366;438;396;468
00680.ppm;615;458;639;482
00681.ppm;819;434;847;459
00681.ppm;817;401;850;436
00682.ppm;886;422;930;465
00682.ppm;278;425;319;466
00682.ppm;261;486;290;515
00683.ppm;887;450;913;475
00683.ppm;384;455;409;477
00685.ppm;613;509;657;552
00685.ppm;498;455;541;493
00685.ppm;617;555;656;611
00685.ppm;992;511;1026;540
00686.ppm;376;436;412;473
00688.ppm;964;272;1023;327
00688.ppm;849;408;885;444
00688.ppm;399;428;431;460
00689.ppm;892;484;921;513
00689.ppm;592;490;617;515
00689.ppm;1129;448;1152;476
00690.ppm;776;507;800;530
00690.ppm;205;442;249;486
00691.ppm;467;490;488;511
00691.ppm;886;494;906;513
00692.ppm;1053;358;1090;395
00692.ppm;997;388;1024;415
00692.ppm;395;540;434;580
00693.ppm;984;383;1023;421
00694.ppm;807;409;839;442
00694.ppm;867;65;975;175
00694.ppm;1211;235;1271;294
00695.ppm;958;265;1002;313
00695.ppm;791;385;825;419
00695.ppm;1236;415;1266;446
00695.ppm;957;365;1003;397
00695.ppm;752;323;791;360
00695.ppm;903;469;933;507
00696.ppm;717;447;736;465
00696.ppm;872;220;911;257
00696.ppm;1241;338;1283;386
00697.ppm;945;322;1021;389
00698.ppm;736;413;764;441
00699.ppm;726;415;756;443
00700.ppm;849;347;914;402
00700.ppm;785;425;809;444
00701.ppm;1042;393;1090;441
00701.ppm;1036;333;1090;394
00702.ppm;688;447;708;467
00703.ppm;1001;360;1042;400
00703.ppm;996;311;1052;361
00704.ppm;766;411;793;438
00704.ppm;361;426;382;448
00705.ppm;954;344;990;377
00706.ppm;866;370;897;403
00706.ppm;184;365;213;388
00706.ppm;863;314;897;343
00706.ppm;153;328;190;363
00707.ppm;906;382;944;418
00708.ppm;564;436;592;469
00710.ppm;1085;199;1163;278
00711.ppm;356;423;401;477
00712.ppm;932;359;985;413
00712.ppm;422;481;443;506
00713.ppm;367;414;392;444
00713.ppm;307;362;364;418
00714.ppm;783;312;828;356
00714.ppm;174;366;206;393
00714.ppm;292;338;334;378
00715.ppm;764;374;799;403
00715.ppm;287;346;351;412
00715.ppm;815;399;844;424
00716.ppm;820;266;879;338
00716.ppm;819;336;868;384
00716.ppm;1199;3;1317;121
00719.ppm;932;390;968;424
00719.ppm;1191;625;1246;711
00720.ppm;736;429;756;448
00720.ppm;132;426;164;453
00720.ppm;1181;335;1223;373
00721.ppm;902;350;933;378
00722.ppm;107;363;162;415
00722.ppm;661;358;694;388
00722.ppm;995;335;1049;378
00723.ppm;695;423;718;446
00723.ppm;744;361;802;407
00723.ppm;188;371;231;415
00724.ppm;397;589;422;612
00725.ppm;547;599;578;628
00726.ppm;785;249;819;286
00728.ppm;1287;375;1331;411
00728.ppm;495;566;533;598
00729.ppm;536;490;569;520
00730.ppm;465;444;511;485
00730.ppm;1054;517;1082;546
00732.ppm;963;526;993;555
00733.ppm;937;523;965;550
00733.ppm;441;582;489;630
00733.ppm;508;425;543;461
00733.ppm;563;538;586;567
00734.ppm;1090;459;1157;523
00736.ppm;830;550;857;574
00736.ppm;816;533;840;560
00737.ppm;604;444;636;476
00737.ppm;472;449;503;482
00737.ppm;1038;532;1060;555
00738.ppm;789;547;810;568
00738.ppm;877;546;902;574
00738.ppm;555;606;586;634
00740.ppm;489;512;533;557
00740.ppm;1164;509;1213;557
00741.ppm;437;559;464;584
00741.ppm;973;556;999;582
00741.ppm;964;378;999;408
00742.ppm;961;553;994;587
00742.ppm;333;563;366;596
00744.ppm;1154;539;1183;561
00746.ppm;235;514;280;558
00746.ppm;235;469;279;512
00746.ppm;1137;494;1180;534
00746.ppm;1138;534;1182;578
00747.ppm;1145;502;1196;552
00747.ppm;295;489;343;535
00749.ppm;302;554;344;594
00749.ppm;1155;548;1199;589
00751.ppm;188;511;237;547
00752.ppm;934;449;979;493
00754.ppm;728;594;765;630
00754.ppm;826;594;863;626
00754.ppm;956;565;975;587
00755.ppm;851;518;883;548
00755.ppm;561;597;592;624
00755.ppm;1091;296;1207;408
00755.ppm;856;560;880;587
00755.ppm;1089;287;1132;338
00755.ppm;459;573;492;606
00756.ppm;882;524;924;568
00758.ppm;373;516;404;547
00758.ppm;374;548;405;578
00758.ppm;831;444;857;471
00760.ppm;592;538;617;563
00760.ppm;591;562;616;587
00760.ppm;984;372;1012;408
00761.ppm;32;539;98;603
00762.ppm;1156;409;1216;460
00762.ppm;334;379;398;431
00763.ppm;866;514;902;546
00763.ppm;191;0;302;101
00763.ppm;939;478;986;526
00763.ppm;351;461;399;505
00763.ppm;505;474;530;498
00764.ppm;812;511;852;547
00765.ppm;346;510;390;554
00765.ppm;544;509;580;544
00765.ppm;923;468;945;492
00766.ppm;257;498;287;529
00766.ppm;947;553;973;577
00766.ppm;518;517;546;546
00766.ppm;55;371;91;413
00766.ppm;431;484;457;514
00770.ppm;526;576;553;607
00771.ppm;834;435;872;470
00771.ppm;872;480;912;516
00771.ppm;150;540;201;578
00772.ppm;839;550;864;576
00772.ppm;309;373;337;400
00773.ppm;1049;427;1094;478
00773.ppm;879;516;902;538
00773.ppm;1054;474;1078;500
00774.ppm;929;517;961;549
00774.ppm;480;616;510;647
00774.ppm;887;547;907;568
00775.ppm;887;482;929;527
00776.ppm;1077;318;1179;424
00776.ppm;862;505;892;535
00776.ppm;1243;91;1284;128
00776.ppm;612;486;639;515
00777.ppm;919;403;982;468
00779.ppm;502;488;554;531
00780.ppm;1168;575;1223;631
00780.ppm;378;559;441;615
00780.ppm;374;59;408;95
00782.ppm;229;455;269;491
00783.ppm;278;569;316;613
00783.ppm;879;519;903;544
00784.ppm;30;573;155;692
00785.ppm;1004;471;1035;500
00785.ppm;998;429;1040;472
00785.ppm;506;398;548;433
00785.ppm;511;436;540;466
00785.ppm;1023;606;1072;671
00785.ppm;1059;579;1082;605
00785.ppm;1033;610;1073;645
00787.ppm;995;419;1094;497
00788.ppm;954;500;1042;582
00788.ppm;1066;456;1111;485
00789.ppm;758;516;787;544
00789.ppm;468;558;497;582
00791.ppm;985;411;1064;486
00791.ppm;897;465;968;526
00792.ppm;756;509;785;539
00793.ppm;187;529;217;553
00794.ppm;1032;521;1062;549
00795.ppm;166;611;216;661
00797.ppm;823;417;868;455
00797.ppm;389;466;426;498
00797.ppm;832;455;867;490
00797.ppm;394;493;423;523
00798.ppm;1094;452;1156;499
00798.ppm;636;561;653;578
00800.ppm;927;366;962;406
00800.ppm;1016;300;1038;322
00801.ppm;502;442;535;475
00801.ppm;505;481;537;518
00801.ppm;764;415;786;437
00802.ppm;599;187;692;266
00802.ppm;614;265;679;335
00803.ppm;770;233;837;294
00803.ppm;772;323;834;383
00804.ppm;262;373;321;435
00805.ppm;872;371;915;410
00806.ppm;805;406;834;430
00806.ppm;464;431;484;452
00807.ppm;823;371;867;408
00808.ppm;272;463;315;507
00808.ppm;796;265;864;325
00808.ppm;812;324;846;354
00809.ppm;689;358;719;389
00809.ppm;305;427;324;444
00810.ppm;623;322;689;381
00810.ppm;459;387;486;414
00810.ppm;752;72;850;175
00811.ppm;702;357;737;390
00811.ppm;1179;116;1229;170
00812.ppm;319;465;345;490
00813.ppm;934;248;1006;332
00813.ppm;1024;233;1074;286
00813.ppm;924;151;1008;247
00813.ppm;266;424;289;444
00814.ppm;372;414;395;437
00814.ppm;796;406;824;432
00816.ppm;954;365;1004;405
00816.ppm;962;401;995;429
00816.ppm;622;409;647;437
00817.ppm;707;407;749;446
00817.ppm;644;447;664;469
00819.ppm;764;425;791;454
00820.ppm;1056;251;1166;357
00821.ppm;858;443;883;466
00821.ppm;330;442;355;465
00822.ppm;865;348;892;375
00822.ppm;786;405;817;435
00822.ppm;123;304;164;352
00823.ppm;806;479;834;506
00823.ppm;1066;379;1095;406
00823.ppm;1022;299;1139;415
00823.ppm;1071;409;1090;429
00824.ppm;231;416;265;449
00825.ppm;1081;379;1110;403
00825.ppm;1076;539;1100;560
00825.ppm;632;382;673;421
00826.ppm;357;196;464;278
00827.ppm;540;473;568;508
00827.ppm;921;441;960;482
00827.ppm;539;512;563;553
00827.ppm;539;510;564;535
00827.ppm;118;283;159;316
00827.ppm;540;396;566;420
00828.ppm;858;382;933;449
00828.ppm;783;505;805;528
00829.ppm;530;166;593;242
00829.ppm;1004;252;1111;373
00829.ppm;553;399;573;421
00829.ppm;1040;335;1078;373
00831.ppm;975;371;1014;406
00831.ppm;622;445;639;462
00831.ppm;748;442;768;464
00832.ppm;359;484;389;522
00833.ppm;776;332;822;376
00834.ppm;1128;268;1187;324
00835.ppm;765;414;793;441
00835.ppm;493;370;521;398
00835.ppm;733;416;758;437
00835.ppm;1225;370;1246;392
00836.ppm;56;363;90;390
00836.ppm;290;432;316;456
00836.ppm;74;384;100;413
00837.ppm;1195;364;1270;424
00837.ppm;107;407;137;437
00837.ppm;719;321;765;364
00837.ppm;1093;430;1115;452
00838.ppm;441;418;468;446
00838.ppm;1068;380;1097;411
00839.ppm;304;408;348;452
00839.ppm;1235;340;1281;388
00839.ppm;302;364;345;408
00839.ppm;1233;295;1280;341
00841.ppm;889;390;912;413
00841.ppm;593;483;624;511
00841.ppm;595;513;625;546
00841.ppm;616;469;638;493
00842.ppm;1029;230;1087;285
00842.ppm;771;407;797;433
00843.ppm;287;345;312;371
00844.ppm;980;330;1010;364
00845.ppm;958;417;990;442
00845.ppm;92;528;116;556
00846.ppm;1092;347;1129;383
00846.ppm;372;382;407;417
00847.ppm;930;132;1092;253
00847.ppm;1001;396;1030;423
00848.ppm;983;244;1053;307
00848.ppm;318;77;409;168
00848.ppm;355;407;381;435
00849.ppm;939;397;961;418
00849.ppm;401;414;434;447
00849.ppm;395;360;440;414
00849.ppm;673;364;744;437
00850.ppm;973;374;1006;402
00850.ppm;215;546;259;594
00850.ppm;1232;173;1271;218
00851.ppm;1094;313;1146;365
00851.ppm;289;316;360;384
00851.ppm;263;2;358;124
00852.ppm;1091;279;1142;324
00852.ppm;1023;467;1045;488
00853.ppm;944;417;971;444
00853.ppm;936;383;974;414
00853.ppm;1010;713;1073;761
00853.ppm;685;484;704;506
00854.ppm;1180;254;1255;327
00854.ppm;524;471;563;515
00854.ppm;813;442;848;468
00854.ppm;818;447;844;472
00855.ppm;916;409;950;443
00855.ppm;830;447;848;464
00855.ppm;1149;295;1259;385
00855.ppm;922;439;942;459
00856.ppm;468;418;503;450
00857.ppm;1133;259;1220;347
00857.ppm;852;434;876;456
00857.ppm;1158;439;1188;463
00858.ppm;811;433;839;460
00858.ppm;614;444;651;476
00858.ppm;592;467;615;488
00859.ppm;893;383;933;419
00859.ppm;606;432;632;458
00860.ppm;1079;144;1167;228
00862.ppm;284;425;363;496
00862.ppm;1216;334;1303;411
00863.ppm;420;412;455;448
00864.ppm;912;445;931;462
00865.ppm;573;491;597;514
00865.ppm;373;481;430;535
00865.ppm;342;189;433;268
00865.ppm;139;290;169;320
00866.ppm;1002;399;1034;425
00869.ppm;59;407;129;474
00869.ppm;1230;319;1310;388
00870.ppm;569;456;589;476
00870.ppm;1030;439;1050;459
00871.ppm;375;408;410;441
00872.ppm;939;407;973;439
00872.ppm;316;416;351;449
00872.ppm;938;437;967;459
00873.ppm;615;462;662;510
00874.ppm;1228;383;1298;451
00874.ppm;590;460;640;526
00876.ppm;775;476;799;498
00876.ppm;465;470;489;493
00879.ppm;300;537;340;574
00879.ppm;988;508;1028;545
00881.ppm;1133;559;1166;594
00881.ppm;478;546;510;579
00882.ppm;244;546;316;612
00884.ppm;853;512;890;546
00884.ppm;855;477;889;511
00885.ppm;202;535;284;613
00885.ppm;233;400;298;467
00885.ppm;793;509;816;535
00885.ppm;228;471;300;536
00886.ppm;814;539;840;564
00886.ppm;814;516;839;541
00887.ppm;850;520;881;551
00888.ppm;780;545;801;568
00888.ppm;992;318;1044;369
00888.ppm;222;535;255;564
00889.ppm;689;530;712;553
00889.ppm;686;499;716;530
00891.ppm;748;551;767;569
00891.ppm;473;556;492;576
00891.ppm;1006;0;1052;28
00893.ppm;821;481;844;509
00893.ppm;1164;566;1191;595
00894.ppm;388;527;415;553
00894.ppm;1095;529;1130;564
00894.ppm;1089;476;1133;526
00895.ppm;967;417;1014;463
00895.ppm;192;484;238;525
00895.ppm;98;587;337;745
00895.ppm;182;392;204;414
00896.ppm;807;413;847;450
00898.ppm;321;505;356;539
00898.ppm;817;510;849;540
00899.ppm;868;489;921;532
