00000.ppm;775;412;815;445
00001.ppm;976;337;1028;387
00001.ppm;389;493;439;549
00001.ppm;987;387;1024;432
00002.ppm;817;407;899;488
00003.ppm;743;416;768;444
00004.ppm;906;407;953;459
00004.ppm;903;343;965;401
00005.ppm;1177;166;1278;270
00006.ppm;926;353;986;409
00007.ppm;825;408;866;446
00008.ppm;776;422;812;461
00008.ppm;785;458;811;485
00009.ppm;925;465;948;490
00010.ppm;1186;356;1267;432
00011.ppm;718;338;770;400
00011.ppm;709;262;785;342
00012.ppm;977;361;1032;414
00013.ppm;1043;279;1117;358
00015.ppm;769;427;806;461
00016.ppm;898;421;957;479
00017.ppm;916;322;1010;394
00017.ppm;916;307;1027;410
00018.ppm;953;451;981;485
00019.ppm;836;365;889;413
00019.ppm;851;418;888;465
00020.ppm;824;427;861;459
00021.ppm;296;126;371;201
00021.ppm;825;391;878;436
00021.ppm;1073;245;1120;308
00021.ppm;99;356;133;392
00022.ppm;666;472;693;494
00023.ppm;948;431;1006;487
00023.ppm;52;351;139;440
00023.ppm;998;294;1071;369
00024.ppm;111;462;141;492
00025.ppm;732;425;768;461
00025.ppm;139;357;187;412
00026.ppm;656;363;706;425
00026.ppm;396;429;418;450
00026.ppm;292;343;359;414
00027.ppm;102;371;157;430
00027.ppm;971;385;1023;438
00028.ppm;780;402;834;452
00029.ppm;921;461;954;498
00029.ppm;1091;394;1132;435
00030.ppm;395;511;417;536
00031.ppm;597;458;627;485
00031.ppm;762;428;812;475
00031.ppm;152;685;281;795
00032.ppm;677;444;705;470
00032.ppm;684;469;701;490
00032.ppm;1180;482;1209;508
00032.ppm;686;464;703;483
00033.ppm;23;508;85;568
00034.ppm;868;424;902;457
00035.ppm;471;458;505;492
00035.ppm;262;474;297;509
00036.ppm;1133;395;1162;423
00036.ppm;1140;426;1158;450
00037.ppm;667;527;690;547
00038.ppm;1120;445;1140;462
00038.ppm;1161;3;1227;49
00039.ppm;936;167;1015;248
00039.ppm;952;254;1011;314
00039.ppm;928;225;967;267
00040.ppm;1024;210;1131;308
00040.ppm;1043;309;1122;391
00040.ppm;504;348;538;384
00041.ppm;997;484;1030;519
00041.ppm;1310;259;1335;283
00042.ppm;1068;202;1168;267
00042.ppm;914;295;996;377
00043.ppm;1035;296;1091;353
00043.ppm;1048;358;1085;401
00043.ppm;1072;322;1103;357
00045.ppm;180;503;244;592
00045.ppm;713;227;758;269
00045.ppm;542;154;570;184
00046.ppm;1041;124;1161;244
00046.ppm;1107;174;1158;234
00047.ppm;553;462;578;487
00048.ppm;771;407;815;443
00048.ppm;317;488;350;519
00048.ppm;781;445;812;474
00049.ppm;984;353;1025;396
00049.ppm;994;398;1018;424
00049.ppm;996;402;1025;431
00050.ppm;941;340;972;371
00050.ppm;943;370;966;398
00051.ppm;966;216;1033;287
00052.ppm;826;282;875;329
00052.ppm;836;353;865;385
00052.ppm;553;480;571;500
00052.ppm;330;289;375;334
00053.ppm;766;439;799;471
00053.ppm;1159;333;1193;371
00054.ppm;972;442;999;468
00054.ppm;457;518;476;540
00054.ppm;1117;437;1150;468
00054.ppm;1119;470;1143;500
00055.ppm;705;412;747;456
00056.ppm;725;434;759;469
00057.ppm;689;443;724;480
00057.ppm;384;466;411;493
00057.ppm;806;489;831;512
00057.ppm;729;478;756;503
00057.ppm;883;497;908;523
00058.ppm;784;394;820;434
00059.ppm;795;402;852;459
00059.ppm;914;438;968;491
00060.ppm;297;508;322;532
00060.ppm;817;439;843;463
00061.ppm;1224;336;1287;392
00062.ppm;904;320;933;355
00062.ppm;993;201;1027;236
00063.ppm;821;23;1049;210
00063.ppm;858;419;887;450
00064.ppm;785;447;806;470
00065.ppm;975;380;1020;424
00066.ppm;568;484;613;534
00066.ppm;861;489;895;526
00067.ppm;949;436;981;465
00068.ppm;510;359;578;408
00070.ppm;941;294;1027;366
00070.ppm;1032;434;1071;466
00071.ppm;793;471;824;502
00072.ppm;837;456;857;478
00073.ppm;723;428;756;455
00073.ppm;729;457;748;475
00073.ppm;726;475;749;497
00073.ppm;427;450;453;476
00074.ppm;928;378;979;431
00074.ppm;383;524;423;572
00074.ppm;440;403;484;452
00075.ppm;1119;349;1188;401
00075.ppm;1133;405;1180;452
00076.ppm;788;469;814;494
00076.ppm;784;440;817;472
00077.ppm;961;410;1012;452
00077.ppm;957;343;1013;412
00077.ppm;964;363;1026;449
00078.ppm;1211;207;1321;313
00078.ppm;1228;210;1306;283
00079.ppm;758;455;790;485
00080.ppm;828;385;881;433
00081.ppm;967;231;1042;297
00082.ppm;244;483;326;584
00082.ppm;380;525;429;584
00083.ppm;1061;209;1147;297
00083.ppm;1074;298;1126;358
00084.ppm;707;524;733;549
00085.ppm;845;427;877;457
00085.ppm;455;366;487;388
00086.ppm;941;297;1001;356
00087.ppm;305;418;341;455
00087.ppm;907;432;949;472
00088.ppm;684;451;708;476
00088.ppm;684;453;707;477
00089.ppm;632;445;660;475
00089.ppm;1026;436;1054;465
00090.ppm;965;428;1009;466
00091.ppm;1055;377;1097;415
00091.ppm;510;383;550;420
00092.ppm;417;419;445;446
00092.ppm;717;441;739;462
00092.ppm;420;448;442;472
00092.ppm;813;422;831;442
00092.ppm;1044;242;1096;277
00092.ppm;93;422;113;443
00093.ppm;341;396;378;434
00093.ppm;1075;337;1120;387
00094.ppm;946;373;994;418
00094.ppm;950;420;992;451
00094.ppm;110;318;189;392
00095.ppm;697;459;720;479
00095.ppm;689;434;724;461
00095.ppm;901;680;1054;767
00096.ppm;1128;374;1175;422
00096.ppm;701;398;738;434
00096.ppm;755;385;791;423
00096.ppm;1137;422;1172;463
00097.ppm;1127;339;1165;376
00097.ppm;289;328;328;368
00097.ppm;148;444;196;500
00098.ppm;1209;246;1292;320
00098.ppm;596;289;662;348
00099.ppm;911;498;946;531
00100.ppm;859;507;901;543
00101.ppm;835;407;887;461
00102.ppm;935;315;988;364
00102.ppm;957;419;975;438
00102.ppm;941;374;977;416
00102.ppm;1171;439;1209;475
00103.ppm;848;353;890;393
00103.ppm;858;397;885;429
00103.ppm;1169;457;1196;481
00104.ppm;696;462;724;489
00104.ppm;763;457;810;498
00105.ppm;956;369;1030;435
00105.ppm;254;438;304;483
00106.ppm;907;372;986;439
00106.ppm;360;521;396;550
00107.ppm;490;534;528;573
00107.ppm;481;481;541;533
00109.ppm;989;483;1020;512
00111.ppm;352;503;382;535
00111.ppm;1092;466;1121;495
00112.ppm;1189;475;1222;509
00112.ppm;364;473;397;507
00113.ppm;356;422;415;475
00114.ppm;1170;424;1228;482
00115.ppm;849;223;950;314
00115.ppm;331;523;350;547
00116.ppm;1078;251;1137;314
00116.ppm;382;473;398;506
00116.ppm;1000;487;1019;504
00117.ppm;439;497;496;560
00117.ppm;99;424;134;462
00117.ppm;97;421;132;450
00118.ppm;229;505;284;563
00119.ppm;1082;395;1115;429
00119.ppm;343;428;376;461
00119.ppm;368;457;397;482
00119.ppm;837;245;853;269
00119.ppm;844;470;875;495
00119.ppm;181;443;226;483
00119.ppm;1062;454;1077;476
00120.ppm;60;246;162;338
00121.ppm;93;327;184;412
00122.ppm;880;496;907;519
00123.ppm;518;492;550;525
00123.ppm;1100;480;1135;514
00123.ppm;965;502;987;524
00124.ppm;532;482;556;506
00124.ppm;977;472;1001;496
00125.ppm;1019;309;1113;400
00126.ppm;839;372;866;403
00126.ppm;411;392;437;418
00127.ppm;137;385;175;422
00127.ppm;1006;378;1049;418
00128.ppm;1145;399;1176;429
00129.ppm;361;173;429;228
00129.ppm;962;379;1007;429
00129.ppm;862;398;908;433
00130.ppm;207;424;238;455
00130.ppm;601;431;625;457
00130.ppm;986;361;1005;384
00130.ppm;901;368;926;393
00131.ppm;439;359;471;391
00131.ppm;401;337;435;375
00131.ppm;402;362;431;390
00132.ppm;312;303;401;377
00132.ppm;1042;296;1075;335
00133.ppm;839;408;858;432
00133.ppm;840;433;858;452
00134.ppm;1008;298;1070;363
00134.ppm;437;103;532;206
00135.ppm;718;297;776;359
00136.ppm;814;402;857;435
00136.ppm;514;477;541;506
00136.ppm;1039;507;1075;542
00136.ppm;1032;287;1060;321
00137.ppm;826;324;890;383
00138.ppm;1139;368;1186;413
00138.ppm;151;180;237;268
00140.ppm;245;470;275;501
00141.ppm;858;376;895;415
00143.ppm;243;187;305;253
00144.ppm;706;443;726;466
00145.ppm;548;452;573;477
00146.ppm;710;425;728;445
00146.ppm;1113;192;1204;297
00146.ppm;707;405;732;427
00146.ppm;1201;120;1320;247
00147.ppm;751;413;790;450
00148.ppm;874;351;946;416
00149.ppm;1108;158;1226;268
00149.ppm;701;460;723;483
00149.ppm;1130;274;1219;359
00150.ppm;823;345;864;385
00151.ppm;794;373;823;402
00151.ppm;865;306;923;361
00152.ppm;268;350;297;379
00152.ppm;605;424;625;447
00153.ppm;307;409;337;440
00153.ppm;1238;7;1319;69
00154.ppm;858;372;885;396
00154.ppm;692;411;716;435
00154.ppm;1063;394;1110;451
00155.ppm;858;290;896;324
00155.ppm;49;323;79;353
00155.ppm;351;361;389;396
00155.ppm;498;427;529;456
00155.ppm;423;386;468;429
00156.ppm;1029;174;1058;201
00156.ppm;816;390;848;419
00157.ppm;649;505;671;526
00157.ppm;884;393;926;433
00157.ppm;260;425;299;461
00158.ppm;907;412;932;438
00159.ppm;890;465;915;505
00159.ppm;981;438;1034;509
00159.ppm;716;473;741;502
00159.ppm;86;473;115;504
00160.ppm;611;389;655;429
00161.ppm;714;444;734;463
00162.ppm;544;445;561;463
00162.ppm;712;434;731;451
00162.ppm;906;424;942;458
00162.ppm;242;429;259;448
00162.ppm;412;420;437;446
00163.ppm;757;472;826;542
00164.ppm;873;374;918;417
00165.ppm;686;293;748;340
00167.ppm;367;445;390;467
00167.ppm;1114;396;1166;453
00167.ppm;729;433;750;455
00168.ppm;693;417;722;443
00169.ppm;1092;152;1209;271
00170.ppm;914;324;940;355
00171.ppm;885;336;933;382
00171.ppm;879;384;933;432
00171.ppm;226;242;262;276
00172.ppm;712;470;739;497
00172.ppm;717;416;736;438
00173.ppm;1159;317;1184;341
00173.ppm;1111;280;1161;328
00174.ppm;759;358;803;402
00175.ppm;893;342;943;398
00175.ppm;645;478;667;500
00176.ppm;850;411;875;439
00177.ppm;1270;402;1308;437
00177.ppm;744;422;785;464
00177.ppm;267;415;312;458
00177.ppm;207;671;321;758
00178.ppm;727;453;747;476
00179.ppm;683;420;706;441
00180.ppm;966;384;1004;420
00181.ppm;794;300;849;358
00182.ppm;656;412;684;438
00182.ppm;661;386;687;415
00183.ppm;762;368;806;406
00184.ppm;1008;4;1115;82
00184.ppm;788;271;850;334
00185.ppm;967;150;1073;253
00186.ppm;600;431;623;457
00186.ppm;324;428;344;448
00187.ppm;159;392;193;427
00187.ppm;676;406;708;437
00188.ppm;705;380;750;421
00188.ppm;713;372;745;399
00189.ppm;849;337;920;391
00190.ppm;671;401;689;420
00190.ppm;619;371;649;404
00191.ppm;693;405;730;437
00192.ppm;663;263;733;331
00193.ppm;727;232;833;323
00193.ppm;175;429;215;470
00194.ppm;717;304;791;371
00194.ppm;177;399;204;427
00195.ppm;1042;163;1165;257
00195.ppm;783;396;820;429
00195.ppm;788;425;813;448
00195.ppm;992;236;1031;276
00196.ppm;726;317;786;370
00196.ppm;734;367;774;416
00197.ppm;873;282;962;355
00198.ppm;675;413;702;434
00198.ppm;683;437;696;452
00199.ppm;825;323;884;370
00200.ppm;839;289;915;358
00200.ppm;257;401;281;428
00200.ppm;851;363;895;417
00200.ppm;254;396;284;423
00201.ppm;761;349;813;396
00202.ppm;656;321;700;365
00202.ppm;918;290;969;336
00202.ppm;53;314;104;366
00203.ppm;755;374;784;402
00204.ppm;859;149;948;236
00204.ppm;731;262;780;321
00205.ppm;1207;338;1322;435
00206.ppm;61;11;157;92
00206.ppm;1149;123;1225;189
00206.ppm;615;149;673;219
00206.ppm;1187;265;1212;290
00206.ppm;826;469;850;495
00206.ppm;71;261;98;292
00206.ppm;1178;209;1217;261
00207.ppm;873;310;937;376
00207.ppm;1301;336;1341;374
00207.ppm;1142;373;1169;401
00208.ppm;641;234;734;319
00208.ppm;630;242;720;345
00209.ppm;1102;213;1175;283
00209.ppm;1115;281;1165;348
00209.ppm;1117;296;1176;344
00210.ppm;1011;389;1039;416
00210.ppm;1018;421;1033;440
00210.ppm;1204;327;1241;367
00211.ppm;665;409;706;445
00212.ppm;719;383;748;409
00212.ppm;757;402;780;429
00212.ppm;293;427;313;450
00214.ppm;1183;133;1300;232
00214.ppm;1218;242;1282;308
00214.ppm;742;448;759;479
00215.ppm;786;478;806;501
00216.ppm;310;441;336;466
00216.ppm;885;445;910;472
00217.ppm;966;269;1029;329
00217.ppm;995;201;1061;251
00217.ppm;581;178;638;233
00218.ppm;807;436;826;455
00219.ppm;1081;274;1153;332
00219.ppm;1090;342;1143;401
00219.ppm;529;361;553;392
00220.ppm;1127;285;1168;328
00220.ppm;268;288;339;350
00221.ppm;804;460;822;476
00221.ppm;690;394;727;426
00221.ppm;982;418;1041;469
00221.ppm;1204;162;1239;202
00222.ppm;984;355;1021;391
00223.ppm;816;334;857;371
00223.ppm;943;60;974;91
00224.ppm;892;318;943;371
00224.ppm;929;186;1031;282
00224.ppm;924;278;975;340
00224.ppm;930;248;1037;344
00225.ppm;375;267;400;298
00225.ppm;744;229;805;286
00225.ppm;858;269;923;335
00226.ppm;1150;225;1220;288
00227.ppm;1228;254;1313;331
00228.ppm;934;297;1001;358
00229.ppm;1305;383;1342;414
00229.ppm;1282;339;1332;387
00229.ppm;1273;383;1307;418
00229.ppm;886;273;985;351
00230.ppm;975;398;1002;427
00231.ppm;1146;361;1182;399
00232.ppm;870;381;910;419
00232.ppm;297;421;339;458
00232.ppm;588;494;618;524
00233.ppm;326;484;357;517
00234.ppm;458;395;494;426
00234.ppm;1173;238;1223;290
00234.ppm;1039;255;1144;366
00234.ppm;1305;208;1337;240
00235.ppm;532;381;593;434
00235.ppm;1272;34;1349;117
00235.ppm;978;195;1039;249
00235.ppm;1214;383;1237;407
00236.ppm;1084;281;1201;399
00236.ppm;1238;262;1274;293
00237.ppm;289;392;322;420
00237.ppm;822;363;850;393
00238.ppm;847;442;876;468
00238.ppm;843;400;882;434
00239.ppm;824;410;854;441
00239.ppm;154;331;199;378
00239.ppm;790;411;815;437
00239.ppm;777;416;798;440
00240.ppm;845;362;878;396
00241.ppm;836;402;880;444
00242.ppm;1199;269;1300;356
00242.ppm;847;389;872;413
00243.ppm;843;446;867;472
00244.ppm;490;392;528;427
00244.ppm;1236;347;1282;395
00245.ppm;477;443;498;464
00245.ppm;851;438;873;460
00246.ppm;1090;353;1134;394
00246.ppm;309;381;355;425
00247.ppm;468;452;491;474
00247.ppm;855;445;877;469
00248.ppm;844;429;868;454
00248.ppm;201;452;229;478
00248.ppm;793;634;911;750
00249.ppm;1212;415;1243;450
00250.ppm;908;446;931;469
00250.ppm;105;423;165;495
00251.ppm;107;416;202;528
00251.ppm;122;440;196;518
00252.ppm;915;389;963;437
00252.ppm;909;326;956;373
00252.ppm;243;408;273;442
00253.ppm;1186;138;1290;237
00254.ppm;1170;271;1238;336
00254.ppm;1266;364;1296;394
00254.ppm;487;671;609;753
00255.ppm;183;502;260;578
00256.ppm;891;308;931;345
00256.ppm;1102;40;1238;154
00257.ppm;1239;331;1299;384
00257.ppm;1077;388;1124;428
00258.ppm;347;490;381;519
00258.ppm;31;401;76;442
00258.ppm;743;467;781;501
00259.ppm;1200;328;1249;375
00260.ppm;722;266;781;328
00261.ppm;822;237;872;284
00261.ppm;1160;316;1192;348
00261.ppm;1151;246;1206;309
00261.ppm;815;425;833;449
00262.ppm;967;154;1045;239
00262.ppm;1037;153;1187;283
00262.ppm;894;281;949;341
00263.ppm;645;417;665;437
00264.ppm;966;434;988;458
00264.ppm;964;411;986;435
00264.ppm;507;465;532;490
00265.ppm;799;424;831;459
00265.ppm;1295;43;1330;80
00265.ppm;802;454;829;481
00266.ppm;239;446;297;498
00267.ppm;856;386;887;416
00267.ppm;836;380;854;405
00268.ppm;891;395;916;421
00269.ppm;965;430;990;454
00270.ppm;1237;331;1285;385
00270.ppm;1238;279;1289;330
00270.ppm;239;331;294;390
00271.ppm;1093;341;1129;379
00271.ppm;260;374;291;405
00272.ppm;761;355;843;421
00272.ppm;1223;312;1299;385
00273.ppm;1083;283;1149;336
00274.ppm;677;378;704;410
00275.ppm;1180;49;1223;84
00275.ppm;207;411;237;444
00275.ppm;1198;337;1235;383
00276.ppm;108;462;151;516
00276.ppm;797;346;842;386
00276.ppm;544;402;576;431
00277.ppm;1049;398;1070;420
00278.ppm;917;355;952;387
00278.ppm;924;385;953;414
00279.ppm;616;484;671;541
00279.ppm;395;354;437;393
00280.ppm;1130;355;1179;405
00280.ppm;1055;390;1083;418
00281.ppm;984;388;1016;423
00281.ppm;979;359;1019;393
00282.ppm;255;443;292;484
00282.ppm;869;412;901;444
00283.ppm;1179;112;1279;218
00284.ppm;976;271;1060;348
00284.ppm;996;344;1051;402
00285.ppm;1086;302;1145;359
00286.ppm;1015;360;1043;389
00286.ppm;1026;320;1077;367
00286.ppm;228;441;256;464
00286.ppm;509;282;534;306
00287.ppm;1113;368;1152;411
00288.ppm;410;455;434;477
00288.ppm;985;438;1007;461
00289.ppm;285;403;325;441
00289.ppm;790;474;812;496
00290.ppm;1294;391;1326;427
00291.ppm;1130;381;1164;420
00292.ppm;314;446;342;477
00292.ppm;981;418;1011;451
00293.ppm;25;409;70;457
00293.ppm;1142;364;1195;414
00294.ppm;102;405;154;451
00294.ppm;1167;323;1235;378
00295.ppm;97;416;144;464
00295.ppm;1008;441;1030;463
00295.ppm;1225;362;1273;409
00296.ppm;1239;386;1269;418
00296.ppm;458;409;490;439
00297.ppm;593;442;618;468
00298.ppm;1241;257;1312;329
00298.ppm;66;443;109;475
00298.ppm;1219;165;1327;258
00299.ppm;1245;248;1301;304
00299.ppm;1254;242;1299;292
00300.ppm;779;420;800;441
00300.ppm;679;427;711;456
00301.ppm;1061;265;1124;317
00302.ppm;1125;331;1162;372
00304.ppm;505;384;554;431
00305.ppm;546;343;603;394
00305.ppm;763;365;828;419
00306.ppm;349;468;387;504
00306.ppm;1046;418;1084;454
00306.ppm;1049;425;1083;452
00307.ppm;796;453;826;484
00307.ppm;829;452;861;486
00307.ppm;890;415;932;453
00307.ppm;829;373;859;399
00309.ppm;178;389;219;433
00310.ppm;1150;389;1188;425
00311.ppm;617;423;650;455
00312.ppm;127;272;218;369
00312.ppm;676;433;701;455
00312.ppm;1223;409;1250;437
00313.ppm;370;416;422;472
00314.ppm;394;450;430;484
00316.ppm;996;419;1019;443
00316.ppm;691;412;720;436
00316.ppm;695;436;719;459
00316.ppm;995;398;1022;420
00317.ppm;1121;375;1164;420
00318.ppm;630;452;659;477
00318.ppm;779;480;799;502
00319.ppm;568;436;612;477
00319.ppm;1202;401;1249;449
00320.ppm;921;401;950;432
00322.ppm;1150;324;1172;347
00322.ppm;1156;325;1206;371
00322.ppm;336;404;378;448
00323.ppm;398;438;424;464
00323.ppm;854;440;881;466
00323.ppm;396;456;425;476
00325.ppm;874;447;904;470
00326.ppm;431;537;463;573
00326.ppm;794;361;834;398
00327.ppm;343;140;388;188
00328.ppm;568;459;590;479
00328.ppm;204;314;232;346
00328.ppm;282;343;311;373
00329.ppm;86;378;119;411
00329.ppm;87;445;120;471
00329.ppm;1235;92;1337;199
00329.ppm;300;510;320;533
00330.ppm;1052;311;1112;377
00333.ppm;116;415;176;479
00333.ppm;756;388;808;445
00334.ppm;760;434;794;470
00334.ppm;324;453;367;497
00334.ppm;614;216;654;258
00337.ppm;900;409;931;438
00338.ppm;996;397;1027;433
00338.ppm;497;419;534;455
00338.ppm;500;391;540;425
00339.ppm;969;415;1021;463
00339.ppm;623;439;662;476
00341.ppm;920;464;996;526
00343.ppm;801;531;829;557
00343.ppm;482;508;509;536
00344.ppm;801;419;874;488
00344.ppm;605;551;629;569
00346.ppm;885;542;910;569
00346.ppm;291;543;319;570
00347.ppm;907;545;974;589
00348.ppm;952;523;989;561
00349.ppm;52;455;112;512
00350.ppm;473;543;507;574
00351.ppm;510;533;536;559
00352.ppm;968;548;994;574
00352.ppm;524;550;557;581
00355.ppm;473;537;504;568
00356.ppm;257;500;309;551
00357.ppm;464;528;497;563
00359.ppm;466;557;496;583
00360.ppm;831;142;886;204
00362.ppm;265;479;354;573
00362.ppm;1088;450;1112;481
00363.ppm;409;527;453;565
00363.ppm;407;487;452;525
00366.ppm;516;528;541;552
00366.ppm;516;554;541;577
00367.ppm;226;487;276;532
00368.ppm;378;513;429;563
00368.ppm;381;460;432;508
00369.ppm;519;566;541;588
00369.ppm;873;550;896;571
00369.ppm;521;543;542;563
00369.ppm;874;530;896;552
00369.ppm;520;555;541;575
00370.ppm;661;544;686;571
00370.ppm;441;554;466;579
00370.ppm;880;534;905;559
00371.ppm;315;523;368;577
00372.ppm;972;482;1019;527
00373.ppm;819;508;853;542
00373.ppm;165;518;195;545
00374.ppm;665;560;697;588
00377.ppm;238;538;273;570
00377.ppm;242;493;277;529
00378.ppm;11;360;144;482
00378.ppm;28;231;147;361
00378.ppm;43;412;122;473
00380.ppm;552;562;575;583
00380.ppm;552;536;575;560
00382.ppm;828;513;867;552
00382.ppm;447;530;484;568
00382.ppm;1207;498;1249;533
00383.ppm;532;549;561;576
00383.ppm;528;543;558;573
00383.ppm;990;543;1021;573
00384.ppm;1200;482;1265;545
00384.ppm;1202;417;1263;478
00385.ppm;977;530;1017;567
00385.ppm;269;533;307;571
00386.ppm;976;551;1000;573
00386.ppm;556;560;579;587
00387.ppm;417;504;475;566
00387.ppm;1180;483;1253;544
00388.ppm;1284;503;1334;548
00390.ppm;1215;496;1261;537
00390.ppm;462;552;501;584
00390.ppm;454;502;502;549
00391.ppm;198;506;247;554
00392.ppm;359;448;422;509
00395.ppm;898;518;941;559
00395.ppm;194;518;244;566
00398.ppm;771;558;795;582
00398.ppm;771;536;795;562
00399.ppm;636;486;668;512
00401.ppm;1124;495;1163;537
00401.ppm;420;496;456;534
00403.ppm;751;547;777;574
00403.ppm;568;539;590;564
00404.ppm;333;414;395;475
00405.ppm;354;446;410;503
00405.ppm;1249;400;1309;468
00406.ppm;853;543;880;570
00407.ppm;740;428;858;573
00407.ppm;713;398;901;590
00408.ppm;1140;477;1209;548
00408.ppm;130;465;210;534
00410.ppm;367;614;423;669
00411.ppm;340;576;382;622
00411.ppm;108;556;143;587
00412.ppm;999;498;1048;545
00413.ppm;1038;482;1081;524
00414.ppm;1034;422;1078;466
00416.ppm;404;582;436;616
00416.ppm;811;506;849;541
00418.ppm;456;560;481;584
00418.ppm;454;534;487;565
00419.ppm;427;581;452;603
00419.ppm;979;490;1024;539
00420.ppm;830;540;851;562
00420.ppm;360;545;382;571
00423.ppm;1155;443;1241;523
00423.ppm;363;469;454;545
00424.ppm;528;570;551;596
00425.ppm;301;546;341;584
00425.ppm;598;523;642;562
00425.ppm;901;501;944;538
00426.ppm;1083;395;1192;495
00427.ppm;293;384;385;477
00428.ppm;323;547;352;575
00428.ppm;936;546;965;569
00430.ppm;930;415;1004;491
00431.ppm;274;527;311;563
00431.ppm;1141;496;1180;534
00432.ppm;239;558;264;584
00432.ppm;942;512;968;538
00433.ppm;511;526;567;584
00434.ppm;165;192;255;283
00435.ppm;832;535;862;564
00436.ppm;287;547;312;574
00436.ppm;793;529;816;553
00438.ppm;532;559;552;580
00439.ppm;1194;508;1249;560
00439.ppm;397;578;422;605
00440.ppm;1100;459;1167;509
00440.ppm;964;427;997;460
00441.ppm;1063;529;1114;579
00443.ppm;471;550;504;579
00444.ppm;387;569;419;600
00444.ppm;377;525;424;571
00444.ppm;966;531;1007;568
00444.ppm;972;571;1001;603
00445.ppm;208;522;255;563
00445.ppm;1022;497;1067;542
00445.ppm;1057;582;1087;607
00446.ppm;769;498;800;528
00446.ppm;773;566;808;600
00446.ppm;405;509;438;545
00447.ppm;1184;420;1265;491
00448.ppm;580;598;602;619
00449.ppm;212;468;251;506
00449.ppm;816;450;850;483
00449.ppm;197;470;242;506
00451.ppm;790;557;820;584
00453.ppm;1217;332;1306;406
00454.ppm;406;459;524;548
00455.ppm;1098;359;1180;435
00455.ppm;1231;269;1323;360
00456.ppm;421;416;473;467
00457.ppm;518;467;552;500
00457.ppm;1245;415;1303;471
00459.ppm;885;549;908;575
00459.ppm;875;511;912;546
00459.ppm;291;595;313;617
00461.ppm;1232;266;1294;321
00461.ppm;1242;412;1267;439
00463.ppm;556;627;585;658
00465.ppm;1244;319;1326;389
00465.ppm;949;555;980;588
00465.ppm;114;169;161;221
00466.ppm;1217;400;1264;440
00466.ppm;515;468;546;497
00466.ppm;1220;436;1260;478
00466.ppm;516;494;539;517
00467.ppm;1131;498;1166;533
00468.ppm;1129;508;1163;541
00469.ppm;3;585;23;609
00469.ppm;1117;314;1138;336
00469.ppm;794;215;926;320
00470.ppm;1134;220;1237;325
00470.ppm;237;267;272;304
00470.ppm;897;511;935;546
00470.ppm;432;451;466;483
00470.ppm;822;490;846;512
00471.ppm;788;494;814;518
00471.ppm;804;505;828;531
00472.ppm;879;498;923;545
00472.ppm;875;519;902;553
00473.ppm;507;534;540;564
00473.ppm;1153;509;1183;536
00474.ppm;512;567;545;600
00475.ppm;1230;472;1312;542
00476.ppm;162;519;197;557
00476.ppm;1150;523;1188;558
00477.ppm;295;507;338;545
00478.ppm;919;469;961;510
00478.ppm;217;483;256;522
00479.ppm;985;498;1023;537
00479.ppm;989;537;1019;568
00480.ppm;1053;442;1102;489
00481.ppm;908;501;944;535
00481.ppm;990;453;1022;496
00482.ppm;761;569;798;604
00482.ppm;262;528;293;569
00482.ppm;283;564;300;590
00482.ppm;748;507;780;541
00483.ppm;145;508;203;565
00484.ppm;337;507;370;543
00484.ppm;1000;529;1038;567
00485.ppm;202;381;271;451
00485.ppm;190;375;287;462
00486.ppm;410;519;465;576
00487.ppm;625;605;645;626
00488.ppm;497;610;515;631
00488.ppm;1162;517;1191;552
00490.ppm;842;517;869;540
00490.ppm;644;594;666;619
00490.ppm;848;537;870;559
00491.ppm;432;567;486;634
00492.ppm;891;529;922;557
00493.ppm;912;448;964;500
00494.ppm;1108;297;1203;389
00496.ppm;507;537;551;574
00496.ppm;512;498;552;532
00496.ppm;1068;321;1105;360
00497.ppm;1019;460;1073;511
00497.ppm;376;512;427;558
00498.ppm;244;632;303;684
00498.ppm;245;584;298;635
00499.ppm;1010;497;1048;533
00500.ppm;955;497;999;545
00501.ppm;110;633;210;756
00501.ppm;117;288;226;387
00501.ppm;609;557;629;577
00501.ppm;944;556;962;577
00502.ppm;559;576;594;610
00502.ppm;55;555;84;586
00502.ppm;580;554;606;584
00503.ppm;359;579;421;649
00505.ppm;1053;482;1086;522
00506.ppm;595;525;624;552
00507.ppm;876;469;934;519
00508.ppm;131;237;280;393
00508.ppm;865;493;912;530
00509.ppm;692;484;730;524
00509.ppm;826;480;881;523
00511.ppm;92;348;663;641
00512.ppm;228;487;269;522
00512.ppm;1139;488;1180;528
00513.ppm;144;500;194;555
00514.ppm;381;511;416;543
00515.ppm;255;365;329;436
00516.ppm;240;273;293;335
00517.ppm;274;427;337;493
00518.ppm;807;601;831;627
00518.ppm;454;526;495;570
00520.ppm;378;510;434;564
00521.ppm;377;575;407;605
00521.ppm;945;565;976;594
00523.ppm;455;515;500;560
00523.ppm;826;453;858;479
00523.ppm;1284;512;1329;555
00524.ppm;184;530;245;586
00524.ppm;1221;526;1270;582
00526.ppm;1035;147;1093;197
00526.ppm;1164;78;1229;129
00526.ppm;588;475;622;507
00527.ppm;626;443;660;476
00527.ppm;360;423;388;451
00527.ppm;360;444;391;469
00528.ppm;164;416;203;457
00528.ppm;985;337;1025;382
00528.ppm;963;337;988;358
00528.ppm;1027;330;1052;357
00530.ppm;423;403;457;436
00530.ppm;1008;403;1042;433
00531.ppm;909;431;931;453
00531.ppm;482;443;504;463
00532.ppm;875;33;1329;800
00536.ppm;722;476;741;495
00542.ppm;843;441;864;463
00544.ppm;1051;300;1122;356
00544.ppm;1055;458;1099;498
00544.ppm;999;430;1031;461
00545.ppm;212;437;245;473
00545.ppm;918;313;948;342
00548.ppm;781;469;802;491
00548.ppm;772;433;811;467
00548.ppm;964;338;1004;379
00550.ppm;882;492;918;526
00550.ppm;491;501;510;523
00551.ppm;937;464;964;492
00552.ppm;815;525;833;542
00552.ppm;537;525;554;544
00552.ppm;536;512;555;533
00552.ppm;815;509;833;530
00554.ppm;947;471;986;506
00555.ppm;611;324;707;403
00556.ppm;1199;494;1249;556
00557.ppm;456;462;504;507
00557.ppm;275;463;316;495
00557.ppm;304;437;338;469
00560.ppm;1039;175;1095;233
00564.ppm;761;370;797;403
00565.ppm;731;336;763;366
00565.ppm;310;377;352;414
00566.ppm;460;489;481;508
00566.ppm;631;440;661;470
00566.ppm;123;421;157;449
00567.ppm;1049;407;1111;455
00570.ppm;882;419;913;447
00571.ppm;1287;362;1309;387
00575.ppm;401;473;435;505
00575.ppm;433;483;453;511
00576.ppm;710;378;736;400
00585.ppm;1046;298;1135;391
00589.ppm;607;461;639;503
00589.ppm;970;481;1016;526
00591.ppm;1001;438;1031;469
00591.ppm;446;449;479;479
00592.ppm;1280;329;1315;369
00593.ppm;585;507;609;533
00594.ppm;248;10;311;68
00594.ppm;595;230;646;278
00597.ppm;600;513;631;544
00599.ppm;699;455;722;476
00601.ppm;83;445;144;505
00602.ppm;1268;556;1299;587
00602.ppm;442;541;474;576
00603.ppm;359;444;416;500
00604.ppm;366;482;436;549
00604.ppm;374;485;427;532
00605.ppm;848;502;879;533
00607.ppm;889;470;953;520
00608.ppm;947;371;992;417
00609.ppm;810;509;839;537
00609.ppm;309;512;342;546
00610.ppm;910;524;939;555
00610.ppm;2;521;48;564
00610.ppm;31;543;57;578
00610.ppm;918;555;939;575
00611.ppm;840;519;871;552
00611.ppm;836;489;868;522
00612.ppm;174;378;243;441
00612.ppm;127;517;209;607
00612.ppm;179;454;259;535
00613.ppm;1132;562;1168;595
00613.ppm;476;547;511;580
00614.ppm;644;574;678;604
00615.ppm;373;531;416;573
00615.ppm;878;532;927;571
00615.ppm;384;573;417;602
00616.ppm;1196;631;1245;671
00616.ppm;436;560;461;584
00616.ppm;877;539;901;567
00616.ppm;1202;603;1245;674
00617.ppm;837;216;1360;639
00619.ppm;842;415;878;448
00620.ppm;863;424;892;455
00620.ppm;571;481;593;503
00621.ppm;782;441;807;470
00622.ppm;811;424;859;462
00623.ppm;973;374;1031;433
00624.ppm;387;507;435;554
00624.ppm;542;506;572;535
00624.ppm;820;461;845;488
00625.ppm;1038;377;1099;438
00626.ppm;855;441;892;483
00626.ppm;858;407;891;442
00628.ppm;997;272;1088;363
00630.ppm;1218;311;1284;387
00632.ppm;98;378;147;423
00633.ppm;374;522;434;578
00633.ppm;633;452;670;488
00633.ppm;1268;185;1321;251
00634.ppm;526;372;568;412
00634.ppm;1132;380;1172;420
00634.ppm;1038;429;1066;463
00635.ppm;825;428;863;468
00637.ppm;872;401;916;441
00638.ppm;552;241;602;285
00638.ppm;910;376;947;415
00639.ppm;292;504;336;549
00640.ppm;1084;257;1184;353
00640.ppm;1106;350;1172;426
00641.ppm;29;424;63;466
00642.ppm;860;331;926;393
00642.ppm;432;498;457;522
00642.ppm;884;378;903;402
00642.ppm;861;360;892;398
00643.ppm;625;506;654;534
00644.ppm;76;507;128;570
00644.ppm;282;431;318;463
00644.ppm;284;437;314;470
00645.ppm;1034;303;1088;371
00646.ppm;1059;443;1087;470
00646.ppm;559;435;589;461
00646.ppm;547;434;581;466
00647.ppm;609;513;633;539
00648.ppm;1037;192;1094;236
00648.ppm;346;379;409;431
00648.ppm;331;523;357;548
00649.ppm;816;301;867;352
00650.ppm;1129;285;1188;346
00650.ppm;1169;324;1195;350
00651.ppm;800;403;851;452
00651.ppm;785;340;859;401
00651.ppm;267;506;290;528
00652.ppm;628;483;659;511
00653.ppm;786;420;802;440
00653.ppm;354;381;405;422
00654.ppm;1241;302;1292;354
00654.ppm;239;324;270;364
00655.ppm;490;346;522;383
00655.ppm;542;520;564;544
00656.ppm;957;5;1014;63
00656.ppm;574;463;598;489
00657.ppm;991;399;1027;434
00658.ppm;854;340;946;402
00659.ppm;994;428;1031;469
00659.ppm;166;404;203;448
00660.ppm;941;420;980;461
00661.ppm;1139;401;1168;429
00662.ppm;949;442;994;478
00663.ppm;828;308;893;358
00663.ppm;483;404;516;433
00663.ppm;809;309;872;362
00664.ppm;850;434;881;464
00664.ppm;839;387;881;436
00665.ppm;693;409;741;456
00667.ppm;737;442;762;468
00668.ppm;1083;254;1168;338
00668.ppm;1064;141;1183;251
00669.ppm;900;396;947;442
00670.ppm;998;302;1062;368
00671.ppm;848;390;882;427
00671.ppm;842;347;890;391
00672.ppm;121;268;194;327
00672.ppm;890;325;945;380
00672.ppm;117;341;136;364
00672.ppm;886;304;944;373
00673.ppm;309;426;331;454
00673.ppm;416;408;473;453
00674.ppm;711;365;754;408
00675.ppm;642;505;675;537
00675.ppm;1007;391;1038;420
00675.ppm;1138;682;1179;721
00675.ppm;1014;418;1036;448
00675.ppm;667;397;700;431
00677.ppm;526;485;558;516
00677.ppm;868;501;896;529
00677.ppm;21;423;44;448
00678.ppm;695;403;741;442
00679.ppm;706;341;768;406
00679.ppm;96;518;141;563
00679.ppm;718;410;755;449
00680.ppm;899;394;952;447
00680.ppm;367;439;394;468
00681.ppm;818;435;846;459
00682.ppm;262;486;289;516
00682.ppm;885;419;926;467
00682.ppm;277;423;318;466
00683.ppm;888;450;914;477
00685.ppm;495;451;546;489
00685.ppm;615;506;658;553
00685.ppm;619;568;656;606
00686.ppm;376;436;411;476
00688.ppm;397;431;430;461
00688.ppm;847;407;885;445
00689.ppm;891;484;923;512
00689.ppm;592;489;622;516
00690.ppm;776;504;799;531
00690.ppm;208;439;247;486
00691.ppm;886;494;906;515
00691.ppm;467;490;487;511
00692.ppm;408;540;438;566
00692.ppm;389;538;434;583
00692.ppm;1049;359;1089;398
00693.ppm;987;384;1022;419
00694.ppm;1212;241;1264;291
00694.ppm;838;236;912;302
00695.ppm;790;386;822;418
00695.ppm;1237;417;1268;446
00695.ppm;855;295;894;337
00695.ppm;960;263;1003;315
00696.ppm;718;447;737;465
00697.ppm;944;317;1020;387
00698.ppm;736;411;764;440
00699.ppm;724;412;755;443
00700.ppm;852;349;912;402
00701.ppm;1031;334;1089;392
00701.ppm;1044;394;1088;441
00702.ppm;688;447;707;466
00703.ppm;1001;361;1041;399
00703.ppm;997;308;1051;360
00704.ppm;766;412;793;439
00705.ppm;955;344;989;378
00706.ppm;150;330;187;362
00706.ppm;864;316;895;345
00706.ppm;864;370;897;402
00706.ppm;186;366;215;392
00707.ppm;905;382;944;419
00708.ppm;564;437;593;464
00710.ppm;1081;208;1163;281
00712.ppm;933;365;984;412
00713.ppm;364;414;393;444
00714.ppm;170;368;197;392
00714.ppm;783;315;829;357
00714.ppm;908;334;948;373
00715.ppm;765;374;797;404
00715.ppm;293;343;344;410
00715.ppm;814;400;843;424
00716.ppm;820;271;874;331
00716.ppm;821;335;869;385
00719.ppm;934;389;968;427
00720.ppm;737;429;755;447
00720.ppm;129;423;163;455
00721.ppm;902;350;932;378
00722.ppm;999;331;1045;377
00722.ppm;246;435;285;478
00722.ppm;100;362;166;418
00723.ppm;184;366;234;414
00723.ppm;695;422;718;446
00723.ppm;741;361;802;404
00725.ppm;543;593;580;626
00726.ppm;786;250;818;285
00728.ppm;1289;374;1327;411
00729.ppm;534;489;568;521
00730.ppm;468;444;508;484
00730.ppm;1053;516;1082;548
00732.ppm;962;527;991;555
00732.ppm;959;526;983;549
00733.ppm;474;503;516;546
00733.ppm;937;523;966;549
00734.ppm;1092;458;1157;520
00736.ppm;830;551;854;573
00737.ppm;605;443;634;477
00737.ppm;474;448;503;483
00737.ppm;1041;536;1058;554
00738.ppm;555;601;587;638
00738.ppm;789;549;808;568
00738.ppm;874;543;902;574
00740.ppm;1161;510;1210;556
00740.ppm;486;512;539;558
00741.ppm;437;558;463;584
00741.ppm;971;556;1002;583
00741.ppm;962;377;1003;408
00742.ppm;960;554;996;588
00742.ppm;335;560;365;598
00744.ppm;1155;536;1182;561
00746.ppm;1138;493;1182;536
00746.ppm;233;518;278;562
00746.ppm;235;471;281;517
00746.ppm;1135;534;1182;583
00747.ppm;1145;505;1197;554
00747.ppm;294;489;344;534
00749.ppm;1157;547;1198;594
00749.ppm;301;552;343;593
00751.ppm;652;573;680;600
00751.ppm;190;510;231;550
00752.ppm;936;449;979;492
00754.ppm;728;594;768;633
00754.ppm;826;592;863;628
00755.ppm;1086;299;1197;424
00755.ppm;851;517;882;548
00755.ppm;559;596;595;625
00755.ppm;854;559;879;589
00756.ppm;879;524;923;569
00758.ppm;375;549;406;579
00758.ppm;372;517;408;548
00760.ppm;593;564;617;587
00760.ppm;592;539;617;562
00762.ppm;1162;413;1210;459
00762.ppm;338;380;395;437
00763.ppm;866;515;902;544
00763.ppm;352;462;404;505
00763.ppm;941;477;988;525
00764.ppm;812;511;851;545
00764.ppm;1129;382;1209;455
00765.ppm;345;507;394;548
00765.ppm;544;510;581;546
00766.ppm;520;519;548;548
00766.ppm;256;498;283;529
00766.ppm;56;377;90;416
00770.ppm;528;577;553;607
00771.ppm;153;537;202;579
00771.ppm;871;480;911;519
00771.ppm;834;435;870;470
00773.ppm;1045;427;1092;478
00773.ppm;878;516;901;539
00774.ppm;929;516;960;549
00775.ppm;886;483;930;527
00776.ppm;1080;317;1178;418
00776.ppm;860;504;894;538
00777.ppm;913;401;981;467
00777.ppm;746;378;783;414
00779.ppm;499;480;557;533
00780.ppm;372;463;466;541
00780.ppm;1145;499;1232;563
00780.ppm;381;559;443;617
00780.ppm;376;58;406;96
00781.ppm;324;16;418;126
00782.ppm;228;456;268;498
00782.ppm;1009;457;1048;488
00783.ppm;878;520;901;542
00784.ppm;39;569;150;703
00785.ppm;507;398;544;433
00785.ppm;996;430;1039;472
00785.ppm;1004;471;1034;504
00785.ppm;1029;606;1069;655
00785.ppm;510;438;539;466
00787.ppm;1000;417;1096;491
00788.ppm;961;496;1042;577
00789.ppm;757;516;786;543
00789.ppm;1002;374;1066;423
00789.ppm;468;560;495;585
00791.ppm;989;419;1061;488
00791.ppm;899;463;964;523
00794.ppm;1032;521;1060;550
00795.ppm;168;610;216;661
00797.ppm;819;416;866;452
00797.ppm;390;467;425;498
00797.ppm;1122;371;1153;406
00797.ppm;827;454;865;492
00797.ppm;393;493;422;523
00798.ppm;1082;445;1159;494
00800.ppm;924;364;961;407
00801.ppm;503;442;532;474
00801.ppm;763;416;786;436
00801.ppm;506;482;534;519
00802.ppm;610;265;680;334
00802.ppm;600;179;692;264
00803.ppm;770;327;834;382
00803.ppm;574;372;623;408
00803.ppm;717;305;782;362
00803.ppm;771;236;831;298
00805.ppm;870;368;917;411
00806.ppm;806;405;835;431
00806.ppm;462;430;486;452
00807.ppm;819;370;866;407
00808.ppm;273;462;317;506
00808.ppm;796;266;865;319
00809.ppm;690;359;720;388
00810.ppm;678;198;767;277
00810.ppm;459;383;486;414
00810.ppm;624;323;690;380
00811.ppm;706;356;732;390
00813.ppm;925;156;1009;241
00813.ppm;941;255;990;321
00813.ppm;1026;233;1075;286
00814.ppm;373;411;398;439
00814.ppm;795;404;824;431
00816.ppm;952;361;1009;404
00817.ppm;708;405;750;444
00818.ppm;509;374;552;409
00820.ppm;1075;262;1148;333
00820.ppm;1058;247;1167;347
00821.ppm;858;442;881;465
00821.ppm;331;441;352;465
00822.ppm;825;375;854;405
00822.ppm;826;377;856;405
00823.ppm;1063;381;1093;412
00823.ppm;805;478;832;508
00823.ppm;1030;302;1132;393
00824.ppm;233;417;262;450
00825.ppm;631;380;673;425
00825.ppm;652;380;688;413
00825.ppm;1082;379;1110;402
00826.ppm;602;302;653;350
00827.ppm;920;443;959;481
00827.ppm;540;473;568;507
00828.ppm;821;441;867;485
00829.ppm;995;259;1110;365
00829.ppm;551;401;573;422
00829.ppm;527;162;600;246
00830.ppm;294;329;327;359
00830.ppm;408;275;520;366
00831.ppm;977;373;1012;408
00833.ppm;775;332;821;376
00834.ppm;1128;263;1186;325
00835.ppm;764;413;795;441
00836.ppm;55;361;88;393
00837.ppm;958;347;1013;393
00837.ppm;836;365;876;402
00837.ppm;108;407;136;439
00837.ppm;1199;361;1266;424
00838.ppm;1066;379;1098;412
00838.ppm;441;418;468;445
00839.ppm;1235;346;1281;390
00839.ppm;303;365;345;408
00839.ppm;306;412;345;454
00839.ppm;1234;295;1280;342
00841.ppm;595;482;623;511
00841.ppm;618;471;637;494
00841.ppm;889;389;912;416
00841.ppm;764;395;802;438
00841.ppm;594;511;623;544
00842.ppm;1025;226;1087;287
00844.ppm;978;333;1009;363
00845.ppm;959;416;990;441
00846.ppm;371;382;405;417
00846.ppm;1091;344;1129;381
00847.ppm;930;138;1085;254
00848.ppm;640;161;742;256
00848.ppm;353;406;383;436
00849.ppm;395;359;441;412
00849.ppm;665;357;745;438
00849.ppm;937;398;962;419
00849.ppm;401;411;433;448
00850.ppm;972;372;1005;403
00850.ppm;362;274;459;367
00851.ppm;283;318;363;386
00851.ppm;1095;311;1145;367
00852.ppm;1023;468;1044;488
00852.ppm;1093;277;1144;322
00853.ppm;935;383;972;417
00853.ppm;1003;714;1072;764
00853.ppm;942;417;969;442
00854.ppm;1181;253;1256;329
00854.ppm;815;445;844;473
00854.ppm;521;464;565;514
00855.ppm;981;395;1023;435
00855.ppm;1153;290;1261;393
00855.ppm;830;446;846;464
00856.ppm;468;419;502;448
00857.ppm;1128;266;1220;347
00857.ppm;852;434;876;456
00857.ppm;1157;441;1190;465
00858.ppm;614;441;649;471
00858.ppm;810;430;843;458
00858.ppm;620;445;647;479
00859.ppm;890;382;937;418
00860.ppm;1076;142;1164;227
00861.ppm;568;481;588;503
00862.ppm;290;426;358;501
00863.ppm;421;411;453;447
00864.ppm;911;444;931;463
00864.ppm;525;645;676;775
00865.ppm;240;239;297;299
00865.ppm;573;491;597;517
00865.ppm;372;479;426;536
00866.ppm;1005;401;1031;424
00869.ppm;59;410;123;472
00869.ppm;1229;318;1311;389
00870.ppm;569;456;589;476
00871.ppm;373;407;409;440
00872.ppm;316;417;348;453
00872.ppm;941;436;968;458
00872.ppm;628;426;660;454
00872.ppm;939;409;970;440
00873.ppm;618;459;662;512
00874.ppm;1226;392;1299;445
00876.ppm;466;470;488;493
00876.ppm;776;477;797;499
00879.ppm;987;506;1026;545
00879.ppm;300;533;337;571
00881.ppm;1132;562;1168;595
00881.ppm;476;547;511;580
00882.ppm;244;545;316;616
00884.ppm;852;511;891;547
00884.ppm;855;474;888;513
00885.ppm;235;405;294;467
00885.ppm;201;530;276;608
00886.ppm;815;541;839;565
00886.ppm;815;515;837;541
00887.ppm;850;521;880;553
00888.ppm;780;545;800;567
00888.ppm;990;314;1044;373
00889.ppm;688;531;710;554
00889.ppm;685;499;715;529
00891.ppm;748;550;766;568
00893.ppm;820;482;843;507
00894.ppm;1086;477;1132;527
00894.ppm;387;527;413;551
00894.ppm;1095;529;1129;562
00894.ppm;1080;466;1131;511
00895.ppm;966;418;1014;463
00895.ppm;195;485;235;526
00896.ppm;807;412;844;450
00898.ppm;816;509;848;543
00898.ppm;323;505;355;538
00899.ppm;869;484;927;533
