00000.ppm;708;450;754;494
00000.ppm;652;497;692;533
00000.ppm;463;438;489;464
00001.ppm;974;335;1031;390
00001.ppm;387;494;438;547
00001.ppm;600;523;615;541
00001.ppm;984;385;1025;434
00002.ppm;819;407;905;490
00002.ppm;18;107;88;165
00002.ppm;343;340;509;505
00002.ppm;324;322;500;450
00002.ppm;736;337;805;397
00003.ppm;740;465;766;490
00003.ppm;740;441;765;467
00003.ppm;739;446;766;475
00003.ppm;739;411;771;444
00003.ppm;473;516;492;535
00004.ppm;504;521;527;542
00004.ppm;906;407;954;461
00004.ppm;899;341;964;406
00005.ppm;1169;158;1282;275
00006.ppm;924;350;987;411
00007.ppm;823;403;864;445
00008.ppm;777;426;812;459
00008.ppm;785;460;811;486
00009.ppm;922;465;949;491
00009.ppm;526;458;552;481
00010.ppm;1192;360;1270;436
00011.ppm;718;335;770;399
00011.ppm;708;259;784;337
00012.ppm;974;362;1033;416
00013.ppm;1045;278;1124;355
00014.ppm;709;490;733;513
00015.ppm;763;427;808;467
00016.ppm;900;421;960;486
00016.ppm;1250;580;1279;612
00016.ppm;486;464;522;496
00017.ppm;911;316;1030;416
00018.ppm;949;454;980;486
00018.ppm;434;527;457;553
00019.ppm;844;415;890;464
00019.ppm;157;13;218;77
00019.ppm;709;59;1105;418
00019.ppm;837;360;893;423
00020.ppm;823;428;862;464
00020.ppm;782;445;804;469
00021.ppm;1068;244;1123;303
00021.ppm;286;115;364;205
00021.ppm;100;352;138;397
00021.ppm;823;389;878;436
00022.ppm;1130;6;1257;140
00022.ppm;665;469;694;497
00023.ppm;995;288;1072;371
00023.ppm;942;431;1005;487
00023.ppm;44;355;140;447
00023.ppm;998;511;1069;617
00024.ppm;112;463;144;493
00024.ppm;104;438;157;478
00024.ppm;130;509;158;542
00025.ppm;841;378;899;431
00025.ppm;146;353;188;414
00026.ppm;452;409;492;451
00026.ppm;291;348;360;410
00027.ppm;967;384;1022;441
00027.ppm;98;374;154;429
00028.ppm;774;398;834;454
00028.ppm;274;550;294;571
00028.ppm;820;76;962;175
00028.ppm;184;546;210;569
00028.ppm;389;467;416;496
00028.ppm;1184;362;1230;401
00028.ppm;1191;369;1221;401
00029.ppm;246;302;284;334
00029.ppm;665;416;696;449
00029.ppm;918;461;952;497
00030.ppm;394;511;419;534
00030.ppm;485;520;502;541
00030.ppm;518;516;546;540
00030.ppm;296;482;333;520
00030.ppm;871;456;894;478
00030.ppm;862;460;890;483
00030.ppm;1249;393;1274;421
00031.ppm;599;458;629;486
00031.ppm;763;429;813;473
00031.ppm;244;502;273;529
00031.ppm;157;674;269;800
00032.ppm;678;442;707;468
00032.ppm;1179;482;1206;508
00032.ppm;682;467;705;491
00032.ppm;1250;440;1283;482
00032.ppm;669;442;696;469
00033.ppm;23;505;88;567
00033.ppm;180;508;202;547
00034.ppm;864;426;900;462
00034.ppm;654;466;680;492
00035.ppm;679;437;713;466
00035.ppm;264;472;301;513
00035.ppm;964;525;1010;570
00035.ppm;94;409;109;430
00035.ppm;970;530;1008;580
00036.ppm;1134;392;1165;426
00036.ppm;228;33;298;130
00036.ppm;1137;423;1164;453
00036.ppm;249;30;785;477
00037.ppm;667;526;690;547
00038.ppm;1119;446;1143;463
00038.ppm;1165;0;1221;46
00038.ppm;102;537;123;562
00038.ppm;1128;451;1152;474
00038.ppm;45;438;68;465
00038.ppm;325;515;346;538
00039.ppm;940;170;1020;251
00039.ppm;926;220;980;279
00039.ppm;955;249;1017;314
00040.ppm;1021;200;1140;313
00040.ppm;1117;0;1150;37
00040.ppm;1040;315;1133;400
00040.ppm;1108;468;1134;493
00040.ppm;506;352;539;385
00040.ppm;1038;143;1060;170
00041.ppm;999;485;1031;517
00041.ppm;1144;432;1168;451
00041.ppm;1312;258;1340;286
00042.ppm;1170;259;1272;363
00042.ppm;1067;190;1167;275
00042.ppm;1017;259;1077;316
00042.ppm;251;13;311;80
00042.ppm;1047;100;1192;231
00042.ppm;1069;426;1106;457
00043.ppm;808;399;939;523
00043.ppm;810;190;844;233
00043.ppm;1040;356;1094;406
00044.ppm;748;401;783;433
00045.ppm;178;501;240;591
00045.ppm;717;230;758;267
00045.ppm;541;155;569;183
00045.ppm;844;430;892;480
00045.ppm;738;241;781;283
00046.ppm;1048;121;1172;254
00046.ppm;246;497;271;521
00047.ppm;551;464;578;489
00048.ppm;773;404;816;445
00048.ppm;340;524;378;561
00048.ppm;778;441;813;475
00049.ppm;983;351;1029;397
00049.ppm;991;395;1026;428
00050.ppm;941;338;972;372
00050.ppm;946;373;967;402
00051.ppm;372;518;399;543
00051.ppm;486;94;524;142
00051.ppm;205;503;239;537
00051.ppm;506;460;546;492
00051.ppm;960;193;1057;303
00051.ppm;967;208;1037;284
00052.ppm;826;278;878;333
00052.ppm;621;221;653;255
00052.ppm;515;472;535;495
00052.ppm;57;438;75;457
00052.ppm;329;288;374;336
00052.ppm;831;352;871;392
00053.ppm;1184;298;1228;343
00053.ppm;768;438;801;473
00053.ppm;1155;333;1196;370
00054.ppm;1045;459;1073;485
00054.ppm;457;520;476;538
00054.ppm;1112;440;1151;471
00054.ppm;1118;473;1146;501
00055.ppm;425;337;460;383
00055.ppm;700;414;748;456
00055.ppm;472;497;672;666
00055.ppm;200;483;222;505
00056.ppm;728;435;758;466
00057.ppm;859;446;893;482
00057.ppm;593;406;627;442
00057.ppm;387;463;412;495
00058.ppm;786;394;825;438
00058.ppm;1268;111;1317;183
00058.ppm;1044;476;1068;502
00059.ppm;795;400;855;461
00059.ppm;913;442;973;499
00059.ppm;913;435;974;483
00059.ppm;910;440;969;504
00059.ppm;913;431;969;487
00060.ppm;520;300;558;348
00060.ppm;297;510;322;535
00060.ppm;817;439;843;466
00061.ppm;1224;328;1284;394
00062.ppm;828;470;847;490
00062.ppm;963;43;1231;306
00062.ppm;996;202;1034;236
00063.ppm;825;41;1036;224
00063.ppm;857;419;888;449
00064.ppm;784;446;807;470
00065.ppm;971;376;1021;426
00066.ppm;572;482;616;534
00066.ppm;862;490;896;525
00067.ppm;948;433;976;463
00068.ppm;847;459;872;481
00068.ppm;834;465;862;494
00069.ppm;226;425;260;468
00070.ppm;940;289;1031;376
00070.ppm;1035;429;1071;469
00071.ppm;793;502;819;527
00071.ppm;788;436;829;477
00071.ppm;795;473;822;499
00072.ppm;835;455;859;478
00073.ppm;726;474;750;496
00073.ppm;728;458;748;477
00073.ppm;722;428;754;457
00074.ppm;382;527;421;568
00074.ppm;927;372;984;433
00074.ppm;588;512;610;539
00074.ppm;439;398;488;455
00074.ppm;581;428;621;459
00075.ppm;1129;408;1178;457
00075.ppm;1119;347;1187;415
00076.ppm;787;470;814;495
00076.ppm;785;435;816;472
00077.ppm;961;406;1009;452
00077.ppm;942;359;1015;450
00077.ppm;948;343;1019;412
00077.ppm;959;354;1016;413
00078.ppm;801;462;820;482
00078.ppm;1206;205;1327;319
00078.ppm;1214;205;1307;288
00079.ppm;760;461;792;490
00079.ppm;440;482;461;505
00080.ppm;573;448;608;480
00080.ppm;829;381;879;431
00080.ppm;841;432;869;459
00081.ppm;966;229;1047;298
00082.ppm;382;521;431;578
00082.ppm;245;493;327;575
00083.ppm;929;367;1072;489
00083.ppm;7;185;107;301
00083.ppm;1072;298;1140;368
00083.ppm;130;491;218;578
00084.ppm;708;522;735;550
00084.ppm;990;391;1032;433
00085.ppm;846;429;875;459
00085.ppm;454;363;487;396
00086.ppm;939;298;1007;364
00086.ppm;596;190;628;230
00086.ppm;597;141;626;170
00087.ppm;903;431;941;473
00087.ppm;304;418;339;459
00088.ppm;409;466;434;490
00088.ppm;954;463;980;490
00088.ppm;956;440;980;466
00088.ppm;410;437;434;466
00089.ppm;634;446;660;474
00089.ppm;1022;436;1055;467
00090.ppm;967;429;1008;465
00091.ppm;512;382;549;420
00091.ppm;870;444;898;469
00091.ppm;1055;377;1100;416
00091.ppm;517;488;553;522
00092.ppm;718;439;739;462
00092.ppm;417;418;446;445
00092.ppm;418;502;448;533
00092.ppm;423;450;441;472
00092.ppm;813;420;832;444
00092.ppm;92;419;115;444
00093.ppm;342;398;377;436
00093.ppm;1075;336;1119;388
00094.ppm;949;373;997;418
00094.ppm;947;420;989;454
00094.ppm;105;311;186;395
00095.ppm;920;673;1037;779
00095.ppm;697;458;719;481
00095.ppm;692;452;720;483
00096.ppm;1131;375;1179;423
00096.ppm;1142;417;1176;459
00096.ppm;701;392;738;435
00096.ppm;690;347;747;401
00096.ppm;526;374;586;456
00096.ppm;736;379;789;429
00097.ppm;289;327;333;370
00097.ppm;1125;338;1169;379
00097.ppm;149;446;196;502
00097.ppm;150;496;198;539
00098.ppm;1209;246;1294;322
00098.ppm;598;285;665;354
00099.ppm;685;536;714;564
00099.ppm;909;500;950;539
00100.ppm;419;511;451;542
00100.ppm;861;506;903;542
00101.ppm;832;402;885;460
00102.ppm;934;315;992;364
00102.ppm;1243;197;1279;243
00102.ppm;724;211;751;237
00102.ppm;858;681;909;736
00102.ppm;942;374;982;416
00102.ppm;958;418;981;439
00102.ppm;1095;453;1112;475
00102.ppm;1096;451;1116;470
00102.ppm;1176;440;1211;478
00103.ppm;848;345;895;396
00103.ppm;1171;455;1195;480
00103.ppm;85;425;105;451
00103.ppm;853;394;890;433
00103.ppm;962;467;985;488
00103.ppm;821;398;844;420
00104.ppm;696;463;725;491
00104.ppm;760;459;812;511
00105.ppm;438;612;493;665
00105.ppm;253;434;304;486
00105.ppm;956;373;1027;443
00106.ppm;906;379;984;445
00106.ppm;358;521;395;562
00106.ppm;885;511;918;537
00106.ppm;359;502;421;569
00107.ppm;482;479;545;538
00107.ppm;744;492;792;541
00107.ppm;490;534;527;575
00108.ppm;829;542;853;565
00109.ppm;988;484;1017;515
00110.ppm;391;524;413;548
00110.ppm;930;490;956;514
00111.ppm;332;457;379;499
00111.ppm;350;502;379;536
00111.ppm;1090;464;1121;496
00112.ppm;300;432;361;490
00112.ppm;1186;476;1220;512
00112.ppm;366;471;398;509
00113.ppm;352;412;417;477
00114.ppm;1168;424;1225;486
00114.ppm;1025;283;1055;312
00115.ppm;848;217;959;325
00115.ppm;358;0;397;24
00115.ppm;782;442;808;471
00115.ppm;330;523;352;544
00116.ppm;1076;254;1136;313
00116.ppm;1001;486;1020;503
00116.ppm;175;476;196;501
00116.ppm;636;495;660;520
00116.ppm;492;402;532;444
00116.ppm;381;471;398;503
00117.ppm;100;421;131;468
00117.ppm;400;506;431;539
00117.ppm;441;497;495;560
00117.ppm;532;458;560;485
00117.ppm;1146;509;1175;539
00117.ppm;1140;511;1171;544
00117.ppm;586;416;610;445
00118.ppm;230;504;284;563
00119.ppm;1082;393;1119;429
00119.ppm;425;478;454;505
00119.ppm;268;468;299;503
00119.ppm;832;243;857;270
00119.ppm;436;428;468;459
00119.ppm;349;488;380;517
00119.ppm;422;462;457;497
00119.ppm;842;468;876;500
00119.ppm;1059;452;1076;473
00119.ppm;185;446;225;485
00119.ppm;368;452;403;481
00120.ppm;60;249;162;345
00120.ppm;1076;184;1120;238
00120.ppm;482;511;509;533
00120.ppm;992;465;1033;500
00121.ppm;742;533;780;567
00121.ppm;87;313;178;412
00122.ppm;881;500;903;520
00123.ppm;965;500;985;521
00123.ppm;517;492;549;526
00123.ppm;1100;480;1132;514
00124.ppm;531;480;557;510
00124.ppm;977;470;1003;496
00125.ppm;1020;303;1103;402
00126.ppm;409;390;439;419
00126.ppm;841;373;867;402
00126.ppm;444;423;464;439
00126.ppm;443;420;466;445
00126.ppm;380;424;406;452
00126.ppm;529;419;544;434
00127.ppm;132;382;175;426
00127.ppm;1008;377;1047;417
00128.ppm;1065;421;1095;452
00129.ppm;1020;373;1064;430
00129.ppm;956;376;1008;428
00129.ppm;367;174;435;237
00129.ppm;863;400;904;439
00130.ppm;727;331;779;369
00130.ppm;602;432;626;457
00130.ppm;588;494;632;534
00130.ppm;317;440;344;467
00130.ppm;208;426;234;455
00130.ppm;993;421;1018;459
00131.ppm;1011;429;1032;454
00131.ppm;440;362;469;391
00131.ppm;666;316;730;380
00131.ppm;404;361;433;390
00131.ppm;592;356;623;385
00131.ppm;523;357;559;389
00132.ppm;310;291;397;370
00132.ppm;314;313;400;390
00132.ppm;250;291;283;332
00132.ppm;594;203;717;300
00132.ppm;987;224;1040;273
00133.ppm;839;407;863;431
00133.ppm;562;423;588;449
00133.ppm;344;345;373;381
00133.ppm;1155;206;1208;255
00133.ppm;500;410;524;434
00133.ppm;837;429;861;453
00134.ppm;422;98;527;203
00134.ppm;1004;299;1066;363
00135.ppm;720;298;778;356
00135.ppm;503;428;528;455
00136.ppm;515;478;540;501
00136.ppm;1025;283;1065;323
00136.ppm;816;402;856;439
00136.ppm;1034;492;1076;548
00137.ppm;823;327;889;387
00138.ppm;980;341;1037;397
00138.ppm;400;517;422;548
00138.ppm;156;179;235;260
00138.ppm;1303;399;1337;431
00139.ppm;693;444;732;480
00140.ppm;248;472;275;502
00140.ppm;538;476;577;504
00141.ppm;856;375;895;416
00142.ppm;814;451;837;475
00143.ppm;552;419;610;477
00143.ppm;243;185;311;254
00143.ppm;259;260;290;295
00143.ppm;171;419;240;508
00144.ppm;707;444;727;466
00145.ppm;727;488;745;510
00146.ppm;1112;202;1203;289
00146.ppm;1117;218;1190;278
00146.ppm;711;427;729;445
00146.ppm;706;403;733;429
00146.ppm;488;437;518;460
00146.ppm;1203;127;1331;235
00147.ppm;750;418;786;450
00148.ppm;871;352;941;416
00149.ppm;1109;153;1233;271
00149.ppm;701;461;725;483
00149.ppm;1128;271;1220;364
00150.ppm;821;343;868;388
00151.ppm;655;494;671;510
00151.ppm;794;372;824;401
00151.ppm;488;439;509;456
00151.ppm;1267;159;1319;215
00151.ppm;448;450;473;472
00152.ppm;314;405;384;461
00152.ppm;271;349;297;381
00153.ppm;304;408;338;442
00153.ppm;770;227;805;271
00153.ppm;1026;401;1083;463
00154.ppm;319;321;380;385
00154.ppm;771;387;802;417
00154.ppm;1060;385;1108;453
00154.ppm;691;410;714;435
00155.ppm;50;318;83;358
00155.ppm;762;423;792;452
00155.ppm;863;288;897;330
00155.ppm;349;362;387;398
00155.ppm;498;427;522;454
00155.ppm;424;385;465;431
00155.ppm;495;428;529;458
00156.ppm;798;474;821;501
00156.ppm;305;406;322;427
00156.ppm;819;388;845;416
00156.ppm;1113;251;1169;309
00157.ppm;649;507;672;525
00157.ppm;884;391;926;433
00157.ppm;260;420;297;460
00158.ppm;906;411;933;439
00159.ppm;890;466;917;505
00159.ppm;87;473;116;503
00159.ppm;974;443;1035;511
00159.ppm;713;474;740;504
00159.ppm;126;357;172;402
00159.ppm;892;388;918;412
00160.ppm;610;387;655;427
00160.ppm;599;389;643;425
00161.ppm;715;445;735;462
00162.ppm;712;431;733;453
00162.ppm;545;444;563;463
00162.ppm;163;329;215;393
00162.ppm;906;414;945;458
00162.ppm;411;421;437;447
00162.ppm;239;428;260;448
00163.ppm;753;472;826;543
00163.ppm;977;478;1017;523
00163.ppm;975;470;1021;508
00163.ppm;471;244;531;303
00164.ppm;871;377;920;417
00164.ppm;1024;404;1053;432
00164.ppm;1131;344;1167;376
00165.ppm;300;158;451;289
00165.ppm;381;412;398;431
00165.ppm;509;228;586;297
00165.ppm;684;285;749;346
00166.ppm;811;379;846;415
00166.ppm;1062;405;1090;439
00167.ppm;791;408;839;452
00167.ppm;368;443;391;470
00167.ppm;1112;399;1175;460
00167.ppm;729;431;752;452
00168.ppm;693;419;720;443
00169.ppm;1091;153;1208;273
00170.ppm;910;321;945;358
00171.ppm;878;384;931;429
00171.ppm;878;333;931;385
00172.ppm;396;410;500;513
00172.ppm;712;472;742;495
00172.ppm;716;417;740;441
00173.ppm;1112;276;1161;328
00173.ppm;1159;313;1183;345
00174.ppm;761;370;808;417
00174.ppm;782;376;847;428
00175.ppm;645;478;665;498
00175.ppm;890;341;942;397
00176.ppm;849;412;876;440
00177.ppm;1275;401;1308;442
00177.ppm;562;456;763;639
00177.ppm;743;421;784;462
00177.ppm;759;402;778;424
00177.ppm;264;413;316;458
00177.ppm;220;656;329;751
00178.ppm;729;454;748;476
00179.ppm;683;419;708;441
00180.ppm;966;382;1002;419
00180.ppm;706;437;740;473
00181.ppm;792;300;854;362
00181.ppm;377;421;410;452
00182.ppm;658;412;686;439
00182.ppm;696;211;859;361
00182.ppm;658;382;688;412
00183.ppm;763;369;808;407
00183.ppm;1206;354;1232;380
00184.ppm;1010;0;1116;84
00184.ppm;791;272;852;333
00184.ppm;491;379;531;411
00185.ppm;963;143;1083;259
00185.ppm;21;230;129;318
00186.ppm;599;432;626;456
00186.ppm;324;427;345;448
00187.ppm;675;404;708;439
00187.ppm;159;394;191;426
00188.ppm;707;381;748;420
00188.ppm;358;410;390;439
00188.ppm;700;418;720;439
00189.ppm;849;335;917;399
00190.ppm;616;376;652;406
00190.ppm;670;399;692;421
00191.ppm;689;405;729;440
00192.ppm;665;262;738;337
00192.ppm;494;414;518;441
00192.ppm;312;442;333;460
00192.ppm;829;259;870;302
00193.ppm;729;222;838;342
00193.ppm;170;421;218;475
00193.ppm;175;435;215;470
00194.ppm;708;305;789;373
00194.ppm;203;367;232;398
00194.ppm;230;334;261;368
00195.ppm;1038;155;1157;265
00195.ppm;1068;586;1107;637
00195.ppm;784;399;820;430
00195.ppm;786;423;819;452
00195.ppm;992;238;1033;285
00196.ppm;659;362;704;408
00196.ppm;530;468;561;498
00196.ppm;732;367;777;418
00196.ppm;530;470;553;495
00197.ppm;871;285;948;357
00198.ppm;1015;37;1113;139
00198.ppm;679;412;703;436
00198.ppm;683;437;698;455
00199.ppm;826;328;881;373
00199.ppm;232;352;257;381
00200.ppm;839;281;915;369
00200.ppm;255;400;283;428
00200.ppm;849;366;898;418
00201.ppm;765;351;812;398
00202.ppm;657;318;702;366
00202.ppm;135;385;176;420
00202.ppm;53;315;101;366
00202.ppm;922;295;966;335
00202.ppm;914;283;970;338
00203.ppm;755;373;785;404
00203.ppm;1050;454;1079;480
00203.ppm;572;426;592;446
00204.ppm;853;150;942;239
00204.ppm;727;265;780;318
00205.ppm;384;449;415;487
00205.ppm;705;396;777;461
00205.ppm;102;423;150;458
00205.ppm;573;441;597;465
00205.ppm;598;453;621;474
00205.ppm;595;449;617;473
00206.ppm;606;62;697;152
00206.ppm;71;254;99;292
00206.ppm;610;148;681;224
00206.ppm;823;471;847;493
00206.ppm;1160;197;1227;260
00206.ppm;1186;262;1215;295
00207.ppm;1140;366;1168;401
00207.ppm;1299;335;1344;376
00207.ppm;869;310;941;376
00207.ppm;579;381;619;417
00207.ppm;671;350;704;387
00208.ppm;637;242;728;327
00208.ppm;602;354;648;400
00209.ppm;1105;210;1178;285
00209.ppm;1107;286;1170;350
00210.ppm;1011;386;1042;416
00210.ppm;1018;417;1040;441
00210.ppm;1206;328;1241;366
00211.ppm;750;382;787;418
00211.ppm;660;410;703;450
00212.ppm;720;381;752;411
00212.ppm;196;233;324;333
00212.ppm;754;399;782;432
00212.ppm;742;388;769;416
00212.ppm;566;480;586;508
00212.ppm;717;390;744;416
00212.ppm;508;501;557;533
00212.ppm;294;429;314;450
00212.ppm;725;375;758;408
00212.ppm;291;426;311;453
00214.ppm;1177;123;1303;241
00214.ppm;1214;242;1290;315
00215.ppm;784;479;805;503
00216.ppm;886;446;912;472
00216.ppm;311;441;335;467
00217.ppm;967;263;1029;329
00217.ppm;992;203;1055;253
00217.ppm;957;241;1056;352
00218.ppm;807;436;827;456
00218.ppm;805;432;833;461
00218.ppm;809;438;830;461
00219.ppm;1078;269;1154;341
00219.ppm;529;366;558;391
00219.ppm;1088;344;1146;405
00219.ppm;485;328;512;363
00220.ppm;1124;284;1168;326
00220.ppm;276;289;338;359
00220.ppm;1009;300;1044;341
00221.ppm;385;162;494;275
00221.ppm;685;399;726;431
00221.ppm;818;382;895;444
00221.ppm;1175;178;1205;213
00221.ppm;987;420;1045;471
00221.ppm;1205;163;1235;201
00221.ppm;803;458;823;479
00222.ppm;848;338;903;392
00222.ppm;984;353;1023;394
00223.ppm;810;331;856;377
00223.ppm;54;360;92;399
00224.ppm;837;325;896;386
00224.ppm;864;280;942;351
00224.ppm;835;319;915;390
00224.ppm;39;281;124;346
00224.ppm;968;260;1038;331
00224.ppm;872;290;937;365
00224.ppm;925;170;1048;297
00225.ppm;500;227;545;272
00225.ppm;855;269;923;333
00225.ppm;412;539;434;562
00226.ppm;1143;220;1222;298
00226.ppm;881;533;903;556
00227.ppm;1227;258;1306;333
00228.ppm;934;292;1000;357
00229.ppm;1091;297;1157;353
00229.ppm;1304;382;1342;414
00229.ppm;1067;400;1094;427
00229.ppm;1271;380;1338;424
00229.ppm;1281;339;1338;400
00230.ppm;504;451;519;472
00230.ppm;974;396;1001;428
00230.ppm;965;419;1010;467
00231.ppm;1147;362;1182;399
00231.ppm;344;111;472;216
00232.ppm;869;382;911;418
00232.ppm;297;419;339;458
00232.ppm;588;493;617;525
00232.ppm;991;520;1016;548
00233.ppm;325;487;357;516
00233.ppm;778;264;965;400
00233.ppm;242;474;259;494
00234.ppm;1042;272;1115;337
00234.ppm;460;392;496;430
00234.ppm;723;318;812;402
00235.ppm;530;382;588;435
00235.ppm;834;397;892;448
00235.ppm;410;336;567;480
00235.ppm;1280;38;1360;118
00235.ppm;1250;399;1269;418
00235.ppm;1220;383;1239;407
00235.ppm;976;193;1034;250
00236.ppm;1079;268;1206;406
00237.ppm;321;439;358;470
00237.ppm;289;390;317;420
00237.ppm;337;513;365;539
00237.ppm;823;359;853;393
00237.ppm;404;376;444;419
00237.ppm;292;357;332;394
00237.ppm;1111;164;1147;199
00238.ppm;849;443;875;469
00238.ppm;841;399;881;438
00239.ppm;823;413;855;440
00239.ppm;155;332;192;377
00239.ppm;779;415;811;437
00240.ppm;845;362;880;399
00241.ppm;838;400;878;441
00242.ppm;1022;325;1083;389
00242.ppm;845;388;872;414
00243.ppm;791;467;815;495
00243.ppm;843;444;868;473
00244.ppm;492;388;530;434
00244.ppm;1242;346;1283;396
00244.ppm;761;461;796;495
00245.ppm;852;438;872;459
00245.ppm;477;443;499;463
00245.ppm;464;469;492;498
00246.ppm;1086;349;1131;403
00246.ppm;309;377;353;426
00247.ppm;469;451;495;478
00247.ppm;852;446;877;472
00248.ppm;843;432;868;456
00248.ppm;199;451;226;478
00248.ppm;751;542;831;628
00248.ppm;706;450;759;492
00249.ppm;1212;423;1240;451
00250.ppm;101;422;174;498
00250.ppm;104;497;204;610
00250.ppm;907;442;931;472
00251.ppm;117;423;209;523
00251.ppm;591;478;614;501
00251.ppm;130;556;198;617
00251.ppm;353;447;411;503
00252.ppm;913;388;960;435
00252.ppm;909;325;956;374
00252.ppm;242;408;270;439
00253.ppm;1146;267;1217;340
00253.ppm;457;478;483;505
00253.ppm;547;409;580;445
00253.ppm;528;412;549;434
00254.ppm;1170;266;1240;339
00254.ppm;494;664;610;752
00254.ppm;1265;369;1295;398
00255.ppm;185;505;257;579
00255.ppm;388;498;423;542
00256.ppm;736;395;764;421
00256.ppm;1097;42;1239;177
00256.ppm;993;362;1027;395
00257.ppm;643;384;683;425
00257.ppm;1071;367;1118;410
00257.ppm;1151;368;1184;400
00257.ppm;491;365;587;445
00258.ppm;425;384;534;467
00258.ppm;348;491;381;526
00258.ppm;744;469;783;500
00259.ppm;377;374;402;408
00259.ppm;1029;130;1083;204
00259.ppm;1202;327;1247;375
00259.ppm;965;322;989;343
00259.ppm;414;388;435;416
00259.ppm;490;377;515;402
00259.ppm;708;432;728;451
00260.ppm;721;269;783;330
00260.ppm;369;432;396;459
00261.ppm;804;399;836;423
00261.ppm;832;383;892;439
00261.ppm;637;473;661;493
00261.ppm;672;274;728;324
00261.ppm;1159;312;1199;354
00261.ppm;1117;334;1166;377
00261.ppm;526;306;573;356
00261.ppm;1145;243;1207;311
00261.ppm;812;426;836;451
00262.ppm;1049;252;1116;314
00262.ppm;971;294;1062;364
00262.ppm;433;436;457;461
00262.ppm;836;208;898;265
00262.ppm;1042;149;1173;291
00263.ppm;646;416;666;438
00263.ppm;950;452;978;474
00264.ppm;965;408;989;436
00264.ppm;967;432;989;458
00264.ppm;508;466;529;490
00265.ppm;286;421;369;490
00265.ppm;784;446;804;463
00265.ppm;805;459;827;479
00265.ppm;797;427;834;458
00265.ppm;331;424;370;468
00265.ppm;801;452;829;479
00266.ppm;239;446;295;504
00266.ppm;403;363;480;435
00267.ppm;855;382;891;416
00267.ppm;828;379;858;403
00268.ppm;890;393;917;420
00269.ppm;963;427;989;454
00270.ppm;1237;330;1287;381
00270.ppm;1234;283;1286;333
00270.ppm;236;331;296;391
00270.ppm;274;467;311;502
00271.ppm;1090;341;1125;382
00271.ppm;260;370;293;405
00272.ppm;765;354;836;423
00272.ppm;1222;318;1292;382
00272.ppm;767;178;796;210
00272.ppm;68;538;127;623
00272.ppm;1126;344;1145;366
00273.ppm;128;407;157;442
00273.ppm;1082;284;1147;344
00274.ppm;900;409;920;429
00274.ppm;973;392;1011;430
00274.ppm;220;433;259;476
00274.ppm;379;362;400;392
00274.ppm;265;447;294;476
00275.ppm;851;410;900;458
00275.ppm;839;431;871;456
00275.ppm;627;72;805;227
00275.ppm;442;430;468;456
00275.ppm;674;446;696;469
00275.ppm;1193;337;1237;387
00275.ppm;1179;52;1220;87
00276.ppm;111;461;151;517
00276.ppm;671;376;709;411
00276.ppm;801;349;841;388
00276.ppm;543;405;572;432
00277.ppm;1050;401;1072;424
00278.ppm;918;355;954;389
00278.ppm;923;389;953;418
00279.ppm;617;482;671;538
00279.ppm;903;510;934;538
00279.ppm;395;361;432;398
00280.ppm;1130;356;1183;409
00280.ppm;1054;391;1081;421
00281.ppm;985;390;1017;424
00281.ppm;982;358;1019;394
00282.ppm;276;461;318;493
00282.ppm;813;437;845;466
00282.ppm;252;443;295;487
00283.ppm;1172;102;1288;221
00283.ppm;1192;129;1277;207
00284.ppm;980;267;1063;351
00284.ppm;992;341;1052;406
00284.ppm;1082;455;1134;505
00285.ppm;910;413;1035;534
00286.ppm;118;202;347;355
00286.ppm;1028;316;1085;366
00286.ppm;509;281;534;303
00286.ppm;1011;357;1044;389
00287.ppm;1111;368;1153;409
00288.ppm;985;438;1007;463
00288.ppm;410;456;434;479
00289.ppm;284;400;326;446
00289.ppm;792;477;812;498
00290.ppm;654;474;686;504
00290.ppm;682;477;710;507
00290.ppm;1291;393;1325;428
00291.ppm;1128;382;1165;422
00292.ppm;314;444;343;479
00292.ppm;442;499;466;520
00292.ppm;979;417;1010;452
00293.ppm;1141;363;1193;416
00293.ppm;485;492;504;512
00293.ppm;24;407;70;457
00294.ppm;99;400;158;449
00294.ppm;1171;322;1239;378
00294.ppm;93;406;150;461
00295.ppm;661;390;707;439
00295.ppm;1222;359;1271;415
00295.ppm;1010;442;1030;461
00296.ppm;1238;383;1263;417
00296.ppm;491;509;566;578
00296.ppm;492;515;563;585
00297.ppm;591;442;619;471
00297.ppm;597;479;615;502
00297.ppm;1011;443;1047;472
00297.ppm;587;437;610;458
00298.ppm;72;443;107;475
00298.ppm;1237;250;1312;336
00298.ppm;1219;158;1334;264
00299.ppm;618;468;642;490
00299.ppm;1244;243;1304;305
00300.ppm;675;425;712;460
00300.ppm;779;418;801;442
00301.ppm;1075;309;1125;365
00301.ppm;1062;259;1128;328
00302.ppm;1126;333;1164;373
00303.ppm;1184;382;1214;414
00303.ppm;663;205;691;230
00303.ppm;1172;411;1203;436
00304.ppm;508;384;551;435
00305.ppm;546;349;597;397
00305.ppm;762;366;828;426
00306.ppm;349;468;390;506
00306.ppm;1047;422;1086;453
00307.ppm;796;450;827;489
00307.ppm;830;454;862;486
00307.ppm;453;472;486;504
00307.ppm;893;415;934;455
00309.ppm;1156;354;1197;401
00309.ppm;175;386;221;434
00310.ppm;1149;384;1189;427
00310.ppm;288;424;318;457
00311.ppm;1297;393;1327;424
00311.ppm;615;422;649;457
00312.ppm;125;271;223;377
00312.ppm;677;436;702;457
00312.ppm;1223;413;1250;442
00313.ppm;370;416;422;474
00314.ppm;392;481;427;510
00314.ppm;395;447;428;486
00314.ppm;1212;401;1243;432
00314.ppm;762;483;780;501
00315.ppm;174;412;213;463
00315.ppm;736;486;758;507
00316.ppm;691;413;721;439
00316.ppm;995;418;1020;444
00316.ppm;995;397;1021;420
00316.ppm;695;436;718;458
00317.ppm;1119;375;1168;423
00318.ppm;704;464;728;489
00318.ppm;688;482;706;501
00318.ppm;444;475;480;510
00318.ppm;631;449;656;478
00318.ppm;603;477;625;505
00318.ppm;17;455;92;538
00318.ppm;778;479;798;501
00319.ppm;564;432;615;481
00319.ppm;1200;402;1246;450
00320.ppm;919;401;950;434
00322.ppm;1160;323;1212;370
00322.ppm;339;406;378;450
00322.ppm;1152;324;1172;348
00323.ppm;397;435;423;463
00323.ppm;853;438;880;468
00324.ppm;898;494;920;526
00325.ppm;872;447;909;473
00325.ppm;866;441;922;481
00326.ppm;759;507;823;580
00327.ppm;344;147;387;191
00328.ppm;570;458;591;477
00328.ppm;566;458;585;475
00328.ppm;301;678;416;788
00329.ppm;88;381;120;411
00329.ppm;265;505;287;526
00329.ppm;299;511;319;531
00330.ppm;1044;311;1117;383
00332.ppm;400;361;423;379
00332.ppm;640;6;738;110
00333.ppm;113;408;176;481
00333.ppm;750;383;810;445
00334.ppm;554;497;675;607
00334.ppm;1065;470;1102;510
00334.ppm;611;217;652;259
00334.ppm;761;435;796;471
00334.ppm;320;448;366;498
00337.ppm;901;408;933;439
00337.ppm;304;626;409;718
00338.ppm;505;426;535;453
00338.ppm;1000;420;1031;455
00338.ppm;998;400;1032;426
00338.ppm;502;392;538;427
00339.ppm;970;416;1022;460
00339.ppm;618;440;662;485
00341.ppm;509;633;545;666
00341.ppm;923;463;998;531
00342.ppm;667;442;701;479
00342.ppm;836;450;869;481
00342.ppm;547;414;598;453
00342.ppm;545;455;573;477
00342.ppm;613;439;645;476
00343.ppm;802;532;825;556
00343.ppm;774;510;798;536
00343.ppm;484;508;510;535
00344.ppm;793;413;879;493
00344.ppm;609;550;628;571
00346.ppm;882;540;909;571
00346.ppm;288;541;319;571
00347.ppm;900;536;968;603
00347.ppm;621;592;640;617
00348.ppm;947;518;988;564
00349.ppm;45;449;123;528
00349.ppm;49;459;114;515
00350.ppm;476;542;506;575
00351.ppm;510;530;536;562
00352.ppm;525;554;555;582
00352.ppm;968;549;995;575
00353.ppm;837;554;859;582
00355.ppm;475;538;505;570
00356.ppm;950;523;1005;575
00356.ppm;253;500;310;558
00357.ppm;463;527;497;569
00358.ppm;189;205;566;750
00359.ppm;467;560;490;586
00359.ppm;878;562;899;583
00360.ppm;821;139;884;203
00360.ppm;1032;486;1070;526
00362.ppm;262;473;365;573
00363.ppm;412;526;449;567
00363.ppm;408;482;448;528
00366.ppm;515;529;540;555
00366.ppm;515;552;541;576
00367.ppm;227;487;273;533
00368.ppm;378;512;427;562
00368.ppm;381;457;429;511
00369.ppm;520;564;542;585
00369.ppm;874;550;897;571
00369.ppm;518;543;542;563
00369.ppm;452;541;471;561
00369.ppm;873;530;896;553
00370.ppm;881;560;906;583
00370.ppm;440;556;466;578
00370.ppm;880;536;905;560
00370.ppm;441;532;465;552
00370.ppm;651;540;724;608
00371.ppm;315;522;368;577
00372.ppm;973;486;1011;532
00372.ppm;350;295;367;311
00373.ppm;164;519;192;547
00373.ppm;815;508;849;547
00374.ppm;669;558;698;591
00374.ppm;655;555;708;607
00377.ppm;1137;541;1170;582
00377.ppm;235;533;273;573
00377.ppm;1134;500;1170;543
00377.ppm;241;492;275;530
00377.ppm;880;309;922;350
00378.ppm;24;358;138;477
00378.ppm;30;248;143;359
00379.ppm;1062;438;1104;491
00379.ppm;1074;490;1106;539
00380.ppm;552;560;573;583
00380.ppm;952;541;971;565
00380.ppm;551;536;573;561
00382.ppm;1211;494;1243;533
00382.ppm;445;532;481;567
00382.ppm;1218;534;1244;574
00382.ppm;443;490;484;533
00383.ppm;521;544;560;576
00383.ppm;990;542;1021;571
00384.ppm;1203;476;1263;543
00384.ppm;1197;414;1262;481
00385.ppm;330;553;362;595
00385.ppm;295;551;332;598
00385.ppm;268;530;303;572
00385.ppm;658;586;683;614
00385.ppm;977;523;1018;565
00386.ppm;977;550;1000;574
00386.ppm;557;560;579;585
00387.ppm;1180;478;1257;551
00387.ppm;407;501;477;564
00387.ppm;838;704;950;800
00390.ppm;1215;493;1256;539
00390.ppm;459;548;495;587
00390.ppm;1075;160;1108;196
00390.ppm;453;498;501;550
00390.ppm;1087;89;1240;181
00391.ppm;195;506;246;556
00392.ppm;359;444;420;510
00393.ppm;283;476;364;553
00395.ppm;897;517;932;557
00395.ppm;300;448;383;511
00396.ppm;715;141;1242;636
00398.ppm;697;550;726;578
00398.ppm;771;557;795;583
00401.ppm;421;496;459;536
00401.ppm;579;566;610;596
00401.ppm;566;571;587;594
00401.ppm;1125;493;1162;537
00403.ppm;752;547;778;574
00403.ppm;566;541;589;565
00404.ppm;333;414;394;475
00405.ppm;354;445;408;504
00406.ppm;289;519;332;558
00406.ppm;851;543;879;573
00406.ppm;757;572;783;600
00407.ppm;523;532;591;596
00407.ppm;256;403;524;600
00407.ppm;721;418;875;583
00408.ppm;1139;486;1210;553
00408.ppm;133;458;213;533
00409.ppm;257;519;294;559
00409.ppm;735;175;786;221
00409.ppm;509;505;536;537
00410.ppm;364;612;421;668
00411.ppm;340;574;383;627
00411.ppm;107;552;139;593
00411.ppm;185;603;235;663
00412.ppm;999;497;1042;549
00413.ppm;1037;480;1082;527
00414.ppm;1032;421;1078;466
00416.ppm;811;504;851;542
00418.ppm;455;532;490;567
00418.ppm;460;565;481;585
00418.ppm;462;558;485;584
00419.ppm;425;578;453;605
00419.ppm;974;488;1023;539
00419.ppm;577;534;633;597
00420.ppm;359;546;383;572
00420.ppm;829;540;851;565
00422.ppm;606;570;642;604
00422.ppm;594;567;628;595
00423.ppm;359;475;446;549
00423.ppm;1154;448;1242;537
00424.ppm;527;569;551;595
00424.ppm;193;574;219;602
00424.ppm;196;555;219;578
00424.ppm;529;548;552;573
00425.ppm;300;544;345;582
00425.ppm;599;523;642;564
00425.ppm;899;497;939;542
00425.ppm;306;505;344;548
00426.ppm;1070;388;1194;504
00427.ppm;288;378;386;484
00428.ppm;324;546;352;576
00428.ppm;937;544;962;568
00430.ppm;927;412;1012;493
00431.ppm;273;526;310;562
00431.ppm;1139;493;1180;533
00432.ppm;594;432;749;602
00432.ppm;943;507;970;541
00432.ppm;237;557;265;586
00433.ppm;504;524;568;584
00434.ppm;628;570;653;592
00434.ppm;157;187;259;289
00434.ppm;799;572;820;595
00435.ppm;834;534;861;566
00435.ppm;832;563;860;591
00435.ppm;392;588;432;618
00436.ppm;793;532;816;555
00436.ppm;600;592;615;609
00436.ppm;285;544;312;575
00437.ppm;380;514;396;533
00438.ppm;729;596;750;616
00438.ppm;839;554;863;580
00438.ppm;532;558;555;581
00439.ppm;903;691;1030;800
00439.ppm;1193;499;1249;566
00439.ppm;396;580;422;603
00440.ppm;779;599;796;618
00440.ppm;1103;454;1165;516
00440.ppm;476;582;506;609
00440.ppm;1241;496;1323;561
00441.ppm;956;596;1036;673
00442.ppm;382;536;418;574
00443.ppm;469;550;503;580
00443.ppm;317;74;573;285
00444.ppm;972;568;1002;604
00444.ppm;390;568;419;600
00444.ppm;966;536;1008;575
00444.ppm;383;534;423;573
00445.ppm;1058;579;1087;608
00445.ppm;209;517;252;561
00445.ppm;1017;498;1061;545
00446.ppm;775;568;807;602
00446.ppm;401;501;442;546
00446.ppm;768;493;804;531
00447.ppm;1183;419;1264;497
00447.ppm;685;408;720;442
00448.ppm;581;597;602;619
00449.ppm;213;469;252;505
00449.ppm;816;447;851;485
00450.ppm;1091;347;1200;441
00451.ppm;789;557;820;586
00451.ppm;463;604;500;635
00451.ppm;1194;231;1299;346
00452.ppm;881;541;914;580
00453.ppm;1214;338;1304;413
00453.ppm;229;107;379;254
00454.ppm;635;529;685;569
00454.ppm;369;505;417;554
00454.ppm;245;469;315;536
00454.ppm;236;477;294;535
00454.ppm;663;480;737;551
00454.ppm;504;513;536;541
00454.ppm;418;468;519;543
00454.ppm;661;495;720;549
00454.ppm;597;533;651;586
00455.ppm;829;418;904;501
00455.ppm;499;520;523;543
00455.ppm;794;303;1011;472
00455.ppm;561;370;689;474
00455.ppm;242;554;263;575
00455.ppm;1209;268;1347;377
00455.ppm;500;391;595;468
00455.ppm;501;425;548;473
00455.ppm;588;368;662;433
00455.ppm;578;406;650;474
00455.ppm;1085;357;1189;446
00456.ppm;421;417;472;470
00457.ppm;515;462;554;504
00457.ppm;1242;418;1303;474
00458.ppm;1025;515;1049;541
00458.ppm;1005;550;1033;583
00458.ppm;992;493;1018;521
00459.ppm;886;549;909;573
00459.ppm;292;595;313;616
00459.ppm;877;514;912;549
00460.ppm;830;453;859;486
00460.ppm;394;580;493;658
00460.ppm;831;484;861;512
00461.ppm;1231;266;1301;327
00461.ppm;1237;404;1269;444
00461.ppm;680;517;713;547
00461.ppm;817;243;842;267
00463.ppm;554;629;585;657
00463.ppm;1036;316;1089;371
00464.ppm;800;435;843;493
00465.ppm;1240;313;1334;402
00465.ppm;1231;555;1262;577
00465.ppm;948;554;977;582
00466.ppm;1217;399;1267;442
00466.ppm;488;494;515;519
00466.ppm;1221;438;1262;478
00466.ppm;517;495;541;521
00467.ppm;1135;500;1164;536
00468.ppm;1128;503;1163;543
00469.ppm;5;580;26;609
00469.ppm;778;221;935;334
00469.ppm;1114;314;1139;336
00470.ppm;1137;213;1247;314
00470.ppm;896;509;933;550
00470.ppm;238;269;279;307
00470.ppm;626;469;656;499
00470.ppm;706;592;720;608
00470.ppm;823;488;845;512
00471.ppm;834;512;856;534
00471.ppm;177;510;202;540
00471.ppm;878;532;897;550
00472.ppm;880;500;925;545
00473.ppm;506;533;539;569
00473.ppm;1154;507;1183;537
00473.ppm;834;601;853;622
00474.ppm;801;596;814;610
00474.ppm;513;567;544;598
00474.ppm;515;571;541;598
00474.ppm;1244;551;1271;581
00475.ppm;1226;470;1302;546
00476.ppm;160;516;196;555
00476.ppm;711;587;732;611
00476.ppm;1152;522;1189;558
00477.ppm;297;505;335;544
00478.ppm;918;460;969;505
00478.ppm;216;481;255;525
00478.ppm;920;469;958;512
00479.ppm;984;498;1024;539
00479.ppm;489;672;515;707
00479.ppm;489;667;514;691
00479.ppm;581;538;612;568
00479.ppm;990;537;1021;572
00480.ppm;1050;441;1103;493
00480.ppm;503;437;566;490
00481.ppm;909;502;946;535
00481.ppm;989;453;1024;495
00482.ppm;763;567;798;604
00482.ppm;261;525;294;570
00482.ppm;355;636;379;662
00482.ppm;283;564;302;589
00482.ppm;747;510;784;544
00482.ppm;794;601;831;638
00483.ppm;151;512;204;569
00484.ppm;338;507;372;543
00484.ppm;997;521;1041;568
00485.ppm;202;375;278;450
00486.ppm;571;575;600;601
00486.ppm;406;517;466;573
00487.ppm;625;607;644;623
00487.ppm;833;601;850;624
00487.ppm;646;613;666;630
00488.ppm;495;613;517;629
00488.ppm;953;534;972;551
00488.ppm;1160;518;1199;559
00488.ppm;319;571;339;588
00488.ppm;987;555;1006;574
00488.ppm;628;598;645;613
00489.ppm;761;571;789;593
00490.ppm;843;516;871;539
00490.ppm;644;595;668;619
00490.ppm;847;535;867;558
00491.ppm;430;567;484;634
00492.ppm;477;612;491;629
00492.ppm;893;531;923;556
00492.ppm;503;579;529;607
00493.ppm;911;449;964;502
00493.ppm;456;273;581;388
00494.ppm;1118;301;1207;389
00494.ppm;819;527;841;549
00494.ppm;856;465;901;504
00494.ppm;410;319;500;399
00496.ppm;506;538;548;579
00496.ppm;507;494;548;534
00496.ppm;679;595;695;614
00496.ppm;744;602;763;621
00496.ppm;1062;321;1105;362
00497.ppm;391;611;422;650
00497.ppm;1021;461;1077;515
00497.ppm;383;511;428;561
00498.ppm;187;519;251;580
00498.ppm;249;581;296;635
00498.ppm;250;476;294;530
00498.ppm;120;414;187;474
00499.ppm;1012;497;1053;535
00500.ppm;951;496;998;545
00501.ppm;356;589;426;665
00501.ppm;116;277;225;398
00501.ppm;609;556;630;578
00501.ppm;943;557;962;576
00502.ppm;56;552;87;584
00502.ppm;101;520;127;546
00502.ppm;559;571;593;615
00502.ppm;577;555;605;583
00503.ppm;358;580;420;651
00504.ppm;380;596;403;624
00504.ppm;610;596;636;624
00505.ppm;1050;476;1091;517
00505.ppm;1163;346;1196;380
00506.ppm;578;593;593;611
00506.ppm;472;509;500;541
00506.ppm;722;542;752;572
00506.ppm;448;517;472;544
00507.ppm;615;560;642;586
00507.ppm;873;471;934;527
00507.ppm;576;524;606;556
00508.ppm;142;227;320;420
00508.ppm;864;494;906;534
00508.ppm;112;224;281;362
00509.ppm;326;543;356;570
00509.ppm;693;482;732;524
00509.ppm;689;521;713;545
00509.ppm;829;485;877;528
00510.ppm;685;590;714;619
00511.ppm;211;527;235;554
00511.ppm;117;547;140;571
00512.ppm;226;484;266;523
00512.ppm;1134;486;1176;532
00513.ppm;138;499;194;556
00514.ppm;380;512;417;549
00515.ppm;859;563;885;586
00515.ppm;254;355;328;439
00515.ppm;259;362;325;431
00516.ppm;707;175;745;227
00516.ppm;238;273;297;334
00517.ppm;273;425;345;508
00518.ppm;811;602;833;626
00518.ppm;455;529;494;570
00519.ppm;456;538;501;582
00520.ppm;379;506;433;565
00520.ppm;421;339;523;455
00521.ppm;376;573;405;602
00521.ppm;945;563;975;595
00523.ppm;456;515;499;559
00523.ppm;455;561;496;589
00523.ppm;1285;510;1329;556
00524.ppm;185;524;243;584
00524.ppm;1217;523;1271;579
00524.ppm;741;123;1234;595
00525.ppm;565;479;585;499
00526.ppm;1069;40;1115;86
00526.ppm;583;470;625;508
00526.ppm;583;505;608;526
00526.ppm;1056;144;1154;222
00527.ppm;874;426;907;461
00527.ppm;362;420;389;451
00527.ppm;382;458;430;509
00527.ppm;377;452;423;501
00528.ppm;164;414;206;456
00528.ppm;985;336;1029;381
00528.ppm;1028;331;1050;357
00528.ppm;966;336;988;358
00529.ppm;1131;418;1166;453
00530.ppm;424;398;459;436
00530.ppm;1010;400;1043;435
00531.ppm;909;431;931;455
00531.ppm;482;445;504;464
00533.ppm;1035;429;1072;469
00533.ppm;617;9;1145;531
00534.ppm;994;117;1165;237
00536.ppm;725;477;740;493
00536.ppm;490;416;518;444
00536.ppm;950;401;981;433
00536.ppm;944;433;963;451
00537.ppm;364;376;387;406
00541.ppm;1058;80;1189;184
00542.ppm;840;438;866;465
00542.ppm;1271;414;1291;433
00544.ppm;745;440;761;459
00544.ppm;1073;427;1127;475
00544.ppm;35;83;129;158
00544.ppm;1063;460;1104;500
00544.ppm;566;240;664;323
00544.ppm;1028;472;1061;501
00544.ppm;1055;460;1098;507
00544.ppm;1122;493;1176;542
00545.ppm;494;452;521;478
00545.ppm;632;471;654;494
00545.ppm;352;357;430;430
00545.ppm;915;311;948;343
00545.ppm;211;438;244;474
00547.ppm;252;450;279;477
00548.ppm;756;441;868;561
00548.ppm;869;518;884;539
00548.ppm;967;344;1008;378
00548.ppm;775;430;810;469
00548.ppm;779;466;810;495
00550.ppm;1137;484;1194;538
00550.ppm;883;493;917;526
00550.ppm;632;504;653;519
00550.ppm;493;502;509;520
00550.ppm;748;497;772;523
00551.ppm;937;463;967;494
00552.ppm;816;522;834;539
00552.ppm;536;514;556;536
00552.ppm;814;511;833;531
00552.ppm;536;529;555;549
00554.ppm;943;471;990;513
00555.ppm;625;323;708;406
00555.ppm;510;325;565;375
00556.ppm;1195;554;1250;633
00556.ppm;1194;497;1251;556
00557.ppm;458;463;504;507
00557.ppm;281;457;321;502
00557.ppm;302;436;339;467
00560.ppm;1036;174;1094;233
00564.ppm;757;373;799;408
00564.ppm;373;431;400;456
00564.ppm;739;442;768;471
00565.ppm;265;366;381;454
00565.ppm;520;355;560;391
00565.ppm;311;377;351;415
00565.ppm;364;417;385;435
00566.ppm;461;490;481;506
00566.ppm;633;440;661;470
00566.ppm;123;415;155;450
00566.ppm;127;402;174;449
00566.ppm;654;393;688;428
00567.ppm;915;431;933;452
00567.ppm;1052;409;1111;461
00569.ppm;449;471;475;495
00570.ppm;884;416;913;450
00571.ppm;1286;359;1310;388
00574.ppm;22;442;169;643
00575.ppm;403;472;434;506
00575.ppm;472;501;494;521
00575.ppm;436;485;454;507
00575.ppm;457;495;477;514
00576.ppm;619;364;639;387
00576.ppm;712;379;735;403
00576.ppm;710;370;738;403
00579.ppm;1126;401;1250;523
00579.ppm;312;538;482;688
00579.ppm;20;465;73;513
00589.ppm;965;480;1015;530
00589.ppm;238;439;273;478
00589.ppm;756;490;792;526
00591.ppm;559;177;580;209
00591.ppm;1276;426;1339;496
00591.ppm;261;496;280;519
00591.ppm;1002;438;1035;471
00591.ppm;445;448;480;476
00592.ppm;1273;331;1320;373
00593.ppm;586;508;607;532
00594.ppm;1063;435;1090;460
00594.ppm;1288;499;1319;532
00594.ppm;243;4;312;68
00595.ppm;447;365;485;404
00595.ppm;730;428;760;459
00595.ppm;1178;375;1302;497
00595.ppm;882;302;937;382
00596.ppm;1032;417;1065;448
00596.ppm;465;439;495;468
00597.ppm;603;514;632;543
00597.ppm;581;533;611;555
00597.ppm;657;532;682;554
00597.ppm;122;457;147;480
00598.ppm;137;432;158;456
00599.ppm;688;484;707;504
00599.ppm;699;451;722;477
00601.ppm;80;441;140;509
00602.ppm;439;542;473;574
00602.ppm;1268;552;1299;587
00603.ppm;358;441;415;501
00603.ppm;156;186;389;336
00604.ppm;363;484;438;550
00604.ppm;918;528;954;559
00605.ppm;169;515;199;549
00605.ppm;849;504;877;533
00605.ppm;843;494;879;535
00607.ppm;890;463;952;530
00608.ppm;943;366;997;418
00608.ppm;206;505;242;548
00609.ppm;311;515;341;546
00609.ppm;810;507;840;538
00610.ppm;7;513;55;562
00610.ppm;916;555;938;576
00610.ppm;34;542;60;576
00610.ppm;912;524;939;552
00611.ppm;839;488;870;521
00611.ppm;838;520;869;551
00612.ppm;174;444;256;543
00612.ppm;172;364;249;457
00612.ppm;128;512;214;616
00613.ppm;1132;561;1165;597
00613.ppm;479;540;513;582
00613.ppm;478;549;507;579
00614.ppm;647;576;673;602
00615.ppm;384;572;412;601
00615.ppm;374;535;418;574
00616.ppm;431;557;462;587
00616.ppm;876;540;904;567
00617.ppm;797;245;1251;677
00618.ppm;843;538;865;564
00618.ppm;946;596;964;619
00619.ppm;842;414;880;450
00620.ppm;862;422;892;455
00620.ppm;571;482;591;504
00621.ppm;782;442;809;469
00622.ppm;534;446;567;478
00622.ppm;539;442;574;469
00622.ppm;528;445;559;475
00622.ppm;812;426;854;465
00623.ppm;967;371;1034;438
00624.ppm;386;508;433;552
00624.ppm;543;508;572;534
00624.ppm;818;461;845;487
00625.ppm;1037;373;1105;443
00626.ppm;855;444;891;480
00626.ppm;852;405;890;445
00628.ppm;1002;269;1086;365
00630.ppm;1220;313;1285;385
00631.ppm;802;484;831;512
00632.ppm;100;374;147;423
00633.ppm;374;521;432;578
00633.ppm;460;477;510;530
00633.ppm;1259;189;1326;260
00633.ppm;885;264;1005;375
00633.ppm;1272;336;1326;389
00633.ppm;274;475;299;503
00634.ppm;1018;164;1190;287
00634.ppm;1034;433;1066;467
00634.ppm;525;370;570;414
00634.ppm;1131;384;1172;423
00635.ppm;826;424;865;464
00635.ppm;829;460;859;493
00636.ppm;449;520;474;540
00637.ppm;79;508;148;571
00637.ppm;867;401;919;445
00638.ppm;696;400;726;429
00638.ppm;212;57;239;88
00638.ppm;915;377;950;414
00638.ppm;549;241;603;287
00639.ppm;292;503;337;550
00639.ppm;742;425;795;482
00640.ppm;1090;252;1188;356
00640.ppm;1100;354;1176;423
00641.ppm;29;422;68;470
00641.ppm;576;520;728;662
00642.ppm;864;323;938;392
00642.ppm;433;497;457;521
00642.ppm;875;365;915;406
00643.ppm;564;475;596;509
00643.ppm;439;433;463;461
00643.ppm;495;466;521;494
00644.ppm;281;434;317;467
00644.ppm;73;509;127;567
00644.ppm;282;427;316;459
00645.ppm;86;526;278;675
00645.ppm;515;485;544;514
00645.ppm;1031;310;1093;368
00645.ppm;524;479;552;509
00646.ppm;1062;443;1089;469
00646.ppm;559;434;588;461
00646.ppm;918;448;948;475
00646.ppm;1296;468;1317;486
00646.ppm;547;434;581;462
00647.ppm;611;515;635;538
00647.ppm;583;473;604;492
00648.ppm;334;516;360;555
00648.ppm;344;380;413;437
00649.ppm;803;398;835;434
00649.ppm;611;219;637;245
00649.ppm;474;230;500;253
00649.ppm;843;330;879;370
00649.ppm;54;506;80;531
00650.ppm;1123;283;1197;346
00651.ppm;128;46;206;144
00651.ppm;799;396;849;454
00651.ppm;789;334;857;406
00652.ppm;631;481;662;512
00652.ppm;628;480;666;501
00653.ppm;523;521;539;539
00653.ppm;638;443;680;484
00653.ppm;614;503;691;578
00653.ppm;693;494;714;515
00653.ppm;556;404;591;435
00653.ppm;350;386;403;421
00654.ppm;1242;303;1292;354
00654.ppm;1090;119;1122;149
00654.ppm;408;137;438;165
00654.ppm;240;335;271;367
00654.ppm;586;666;665;736
00654.ppm;1248;301;1287;343
00655.ppm;542;521;564;544
00655.ppm;939;324;981;366
00655.ppm;160;399;198;440
00655.ppm;42;372;74;400
00655.ppm;964;189;1078;289
00655.ppm;270;381;316;425
00655.ppm;619;479;639;499
00656.ppm;576;465;600;488
00657.ppm;993;398;1025;435
00657.ppm;905;652;1046;781
00657.ppm;878;608;1064;800
00658.ppm;856;337;937;417
00659.ppm;992;426;1034;471
00659.ppm;170;400;206;450
00659.ppm;670;431;708;465
00660.ppm;944;418;979;458
00661.ppm;1139;402;1167;428
00661.ppm;1003;421;1028;446
00662.ppm;948;442;996;483
00663.ppm;874;419;938;488
00663.ppm;487;404;515;435
00663.ppm;467;554;503;591
00663.ppm;800;305;877;370
00663.ppm;859;369;875;394
00664.ppm;848;435;877;466
00665.ppm;623;440;658;475
00665.ppm;692;409;743;456
00667.ppm;731;439;760;472
00668.ppm;1071;138;1190;254
00668.ppm;1082;250;1175;346
00669.ppm;895;392;946;446
00670.ppm;990;301;1066;373
00671.ppm;846;393;883;428
00671.ppm;840;348;892;397
00672.ppm;123;264;193;336
00672.ppm;723;411;852;535
00672.ppm;195;501;233;544
00672.ppm;632;182;662;207
00672.ppm;538;413;575;444
00672.ppm;232;236;256;265
00672.ppm;886;301;952;374
00672.ppm;114;337;138;363
00673.ppm;106;376;162;427
00673.ppm;414;410;470;461
00673.ppm;305;428;335;459
00674.ppm;712;367;753;410
00674.ppm;1004;120;1073;189
00674.ppm;410;513;650;728
00674.ppm;299;431;321;451
00675.ppm;642;504;675;538
00675.ppm;1007;387;1038;423
00675.ppm;664;392;700;429
00675.ppm;943;400;977;434
00675.ppm;1014;419;1037;450
00676.ppm;862;460;897;496
00677.ppm;853;532;873;552
00677.ppm;864;503;895;531
00677.ppm;526;480;561;512
00677.ppm;304;491;333;512
00677.ppm;360;474;410;513
00677.ppm;21;425;44;448
00678.ppm;698;402;743;445
00679.ppm;704;338;771;409
00679.ppm;469;226;495;259
00679.ppm;245;217;283;257
00679.ppm;265;531;288;556
00679.ppm;718;408;762;455
00679.ppm;335;516;352;534
00680.ppm;376;459;399;483
00680.ppm;688;508;711;531
00680.ppm;899;391;952;447
00680.ppm;367;439;393;469
00680.ppm;368;484;385;504
00681.ppm;820;434;847;460
00681.ppm;817;402;848;435
00682.ppm;260;483;289;516
00682.ppm;568;196;600;230
00682.ppm;262;513;291;550
00682.ppm;884;420;929;466
00682.ppm;281;422;321;469
00682.ppm;887;426;926;462
00683.ppm;890;451;914;478
00683.ppm;383;453;411;480
00685.ppm;695;560;890;721
00685.ppm;616;505;658;556
00685.ppm;548;512;597;558
00685.ppm;804;531;843;577
00685.ppm;490;457;539;502
00686.ppm;596;446;663;520
00686.ppm;374;434;411;474
00688.ppm;937;105;962;130
00688.ppm;393;427;431;460
00688.ppm;361;442;387;470
00688.ppm;965;268;1022;333
00688.ppm;797;386;826;416
00688.ppm;402;478;425;500
00689.ppm;928;552;1126;716
00689.ppm;1007;465;1037;495
00689.ppm;589;489;623;517
00690.ppm;775;504;802;533
00690.ppm;199;439;248;489
00691.ppm;468;491;489;511
00691.ppm;884;491;906;515
00692.ppm;401;540;438;574
00692.ppm;1051;356;1089;401
00692.ppm;389;538;427;581
00693.ppm;924;414;962;453
00694.ppm;834;236;908;303
00694.ppm;177;191;258;261
00694.ppm;808;408;842;438
00694.ppm;811;411;835;446
00695.ppm;792;386;825;420
00695.ppm;958;361;999;400
00695.ppm;881;405;902;433
00695.ppm;962;268;1003;315
00696.ppm;905;365;927;391
00696.ppm;1243;338;1286;387
00696.ppm;716;447;737;467
00696.ppm;716;419;741;444
00697.ppm;861;371;914;415
00697.ppm;939;318;1029;399
00698.ppm;737;412;765;442
00699.ppm;724;413;756;444
00700.ppm;849;345;919;409
00700.ppm;829;391;869;426
00701.ppm;1030;334;1092;394
00701.ppm;1040;392;1088;444
00702.ppm;687;445;709;467
00703.ppm;998;358;1042;403
00703.ppm;996;309;1049;362
00704.ppm;934;316;1036;391
00704.ppm;764;409;795;441
00704.ppm;359;426;382;449
00705.ppm;164;318;202;358
00705.ppm;954;344;990;377
00706.ppm;506;346;545;385
00706.ppm;864;312;898;346
00706.ppm;181;365;214;395
00706.ppm;863;369;899;404
00707.ppm;904;381;944;418
00708.ppm;563;439;592;464
00710.ppm;1084;196;1167;285
00711.ppm;868;474;889;499
00711.ppm;336;419;444;510
00711.ppm;365;436;449;512
00711.ppm;383;451;446;508
00711.ppm;347;417;406;463
00711.ppm;354;457;388;487
00712.ppm;934;359;983;413
00712.ppm;424;483;442;502
00713.ppm;300;377;338;416
00713.ppm;226;404;268;451
00713.ppm;252;496;272;517
00714.ppm;336;420;437;516
00714.ppm;601;364;641;405
00714.ppm;784;312;826;356
00714.ppm;322;378;351;406
00715.ppm;766;372;801;406
00715.ppm;163;501;184;529
00715.ppm;286;334;346;418
00715.ppm;116;518;140;550
00715.ppm;814;399;843;425
00715.ppm;817;354;844;377
00716.ppm;820;267;880;332
00716.ppm;819;335;868;385
00717.ppm;835;436;858;460
00719.ppm;22;487;59;517
00719.ppm;934;390;967;426
00719.ppm;286;444;309;462
00720.ppm;590;446;610;466
00720.ppm;737;427;756;449
00720.ppm;1185;330;1223;374
00720.ppm;134;426;163;456
00721.ppm;901;348;935;380
00721.ppm;630;375;656;399
00722.ppm;360;458;394;491
00722.ppm;101;360;164;419
00722.ppm;994;355;1047;407
00722.ppm;992;329;1051;385
00723.ppm;696;424;719;447
00723.ppm;182;366;234;414
00723.ppm;745;358;800;408
00724.ppm;396;591;422;609
00725.ppm;549;597;577;631
00725.ppm;707;602;734;630
00725.ppm;538;580;580;625
00725.ppm;547;575;578;602
00725.ppm;543;577;583;612
00726.ppm;778;247;823;290
00726.ppm;722;457;750;484
00728.ppm;491;557;537;602
00728.ppm;1287;374;1328;416
00729.ppm;531;486;567;522
00730.ppm;1054;516;1080;548
00730.ppm;464;442;511;487
00732.ppm;621;599;645;622
00732.ppm;960;525;991;552
00732.ppm;782;289;811;312
00733.ppm;474;500;513;545
00733.ppm;97;530;122;554
00733.ppm;505;420;543;463
00733.ppm;936;521;964;550
00734.ppm;785;492;853;557
00734.ppm;1093;459;1159;523
00736.ppm;831;554;855;578
00736.ppm;832;549;857;573
00736.ppm;813;534;844;561
00737.ppm;606;445;635;475
00737.ppm;473;448;503;483
00737.ppm;1038;532;1062;555
00737.ppm;692;463;716;488
00738.ppm;552;607;587;635
00738.ppm;795;530;824;556
00738.ppm;753;602;785;630
00738.ppm;878;546;902;573
00738.ppm;789;548;809;570
00740.ppm;1070;553;1092;577
00740.ppm;483;506;530;557
00740.ppm;1163;504;1210;561
00741.ppm;437;559;462;586
00741.ppm;973;553;1000;587
00742.ppm;333;560;362;596
00742.ppm;958;551;995;588
00744.ppm;1156;537;1181;564
00746.ppm;1136;535;1180;579
00746.ppm;233;515;277;559
00746.ppm;1137;495;1177;537
00746.ppm;232;471;277;517
00747.ppm;292;487;345;541
00747.ppm;1145;497;1193;554
00747.ppm;563;573;627;630
00749.ppm;301;551;347;603
00749.ppm;1154;548;1196;592
00751.ppm;724;568;756;594
00751.ppm;652;573;680;599
00751.ppm;186;512;231;552
00752.ppm;932;445;979;495
00753.ppm;472;582;494;603
00753.ppm;1020;488;1052;531
00753.ppm;1020;502;1050;529
00754.ppm;727;592;765;631
00754.ppm;826;589;861;628
00755.ppm;709;575;736;607
00755.ppm;601;601;622;621
00755.ppm;1070;282;1144;348
00755.ppm;799;501;841;546
00755.ppm;1105;315;1190;405
00755.ppm;734;535;762;565
00755.ppm;853;516;883;547
00756.ppm;881;525;923;570
00757.ppm;61;510;95;544
00758.ppm;374;550;403;581
00758.ppm;983;555;1013;587
00758.ppm;373;512;403;549
00758.ppm;981;520;1012;556
00760.ppm;593;566;614;586
00760.ppm;1023;542;1045;567
00760.ppm;592;538;615;568
00761.ppm;33;544;99;608
00762.ppm;339;379;402;436
00762.ppm;1152;406;1215;464
00762.ppm;815;190;845;221
00762.ppm;1143;411;1196;470
00763.ppm;270;231;358;312
00763.ppm;864;515;901;548
00763.ppm;710;599;739;626
00763.ppm;938;476;989;526
00763.ppm;284;615;323;646
00763.ppm;507;476;530;498
00763.ppm;1294;509;1327;544
00764.ppm;809;513;851;549
00764.ppm;1115;377;1211;459
00764.ppm;335;494;361;527
00764.ppm;816;510;858;545
00765.ppm;370;513;409;552
00765.ppm;345;508;393;552
00765.ppm;434;484;473;520
00765.ppm;427;487;465;519
00765.ppm;356;508;394;545
00766.ppm;429;486;458;513
00766.ppm;51;370;94;424
00766.ppm;256;496;287;533
00766.ppm;515;517;550;549
00770.ppm;529;577;555;607
00771.ppm;155;536;200;583
00771.ppm;867;479;913;521
00771.ppm;832;432;872;471
00772.ppm;840;551;864;574
00773.ppm;1048;428;1097;477
00773.ppm;877;517;901;538
00773.ppm;155;575;190;601
00773.ppm;1053;471;1081;499
00774.ppm;482;618;511;647
00774.ppm;963;271;1062;360
00774.ppm;885;547;906;569
00774.ppm;928;516;962;550
00775.ppm;886;484;928;531
00776.ppm;1068;316;1186;425
00776.ppm;614;520;636;547
00776.ppm;447;535;524;651
00776.ppm;865;535;888;559
00776.ppm;330;467;361;505
00776.ppm;864;509;894;535
00777.ppm;916;402;984;469
00777.ppm;936;479;959;511
00778.ppm;840;596;864;620
00779.ppm;500;484;554;534
00780.ppm;844;534;917;602
00780.ppm;768;513;846;595
00780.ppm;377;459;466;554
00780.ppm;383;560;443;623
00782.ppm;229;455;274;498
00783.ppm;281;610;323;671
00783.ppm;274;566;318;626
00783.ppm;878;520;900;546
00784.ppm;34;576;163;701
00784.ppm;584;564;612;587
00785.ppm;505;397;548;435
00785.ppm;663;470;738;545
00785.ppm;1024;542;1057;571
00785.ppm;1032;610;1073;652
00785.ppm;755;451;786;487
00785.ppm;1059;580;1085;609
00787.ppm;996;416;1089;499
00788.ppm;951;619;974;648
00788.ppm;1066;477;1119;516
00788.ppm;1070;454;1111;487
00788.ppm;962;497;1034;586
00788.ppm;1142;251;1168;281
00789.ppm;686;574;730;615
00789.ppm;1013;373;1085;431
00789.ppm;758;515;789;546
00789.ppm;462;556;498;587
00789.ppm;651;531;676;557
00790.ppm;612;573;629;594
00791.ppm;985;406;1065;491
00791.ppm;898;461;961;525
00791.ppm;978;389;1070;495
00792.ppm;449;564;471;586
00794.ppm;1032;519;1065;552
00794.ppm;119;541;147;568
00795.ppm;168;608;213;663
00795.ppm;664;620;689;643
00795.ppm;393;544;425;580
00796.ppm;615;497;700;565
00797.ppm;899;421;937;461
00797.ppm;390;467;426;498
00797.ppm;1089;225;1176;311
00797.ppm;607;470;644;507
00797.ppm;833;455;864;487
00798.ppm;637;561;653;577
00798.ppm;783;547;803;566
00798.ppm;1094;447;1154;506
00800.ppm;812;469;838;495
00801.ppm;508;482;533;517
00801.ppm;632;429;662;455
00801.ppm;763;416;785;438
00802.ppm;608;263;685;338
00802.ppm;243;408;280;441
00802.ppm;597;180;695;270
00803.ppm;570;364;623;414
00803.ppm;715;306;776;368
00803.ppm;769;318;836;383
00803.ppm;769;234;832;292
00804.ppm;395;425;452;483
00804.ppm;274;423;306;460
00804.ppm;526;74;1217;681
00805.ppm;871;370;917;411
00805.ppm;837;455;1022;619
00806.ppm;635;418;658;442
00806.ppm;464;430;484;451
00807.ppm;690;432;711;459
00807.ppm;816;369;864;407
00808.ppm;270;463;316;509
00808.ppm;402;399;430;423
00808.ppm;795;265;863;328
00808.ppm;803;261;864;310
00809.ppm;395;442;592;633
00809.ppm;687;359;719;393
00810.ppm;727;397;747;421
00810.ppm;411;350;442;378
00810.ppm;682;197;767;279
00810.ppm;545;352;587;394
00810.ppm;303;344;339;372
00810.ppm;625;324;689;382
00810.ppm;462;391;490;417
00811.ppm;700;355;742;393
00812.ppm;319;469;343;492
00812.ppm;719;420;743;443
00813.ppm;921;150;1015;249
00813.ppm;598;139;650;193
00813.ppm;934;257;1010;333
00813.ppm;1022;234;1077;285
00814.ppm;373;415;397;439
00814.ppm;795;406;823;436
00816.ppm;953;365;1004;408
00817.ppm;702;406;750;448
00817.ppm;642;448;664;467
00818.ppm;508;380;549;415
00818.ppm;501;391;528;416
00818.ppm;718;432;746;456
00820.ppm;1057;250;1173;351
00820.ppm;1076;254;1138;306
00821.ppm;860;442;882;467
00821.ppm;330;440;355;466
00822.ppm;121;310;163;356
00822.ppm;826;376;856;406
00822.ppm;825;377;855;406
00822.ppm;763;388;802;425
00822.ppm;783;407;808;437
00823.ppm;908;400;978;473
00823.ppm;1016;307;1132;419
00824.ppm;85;231;219;355
00824.ppm;232;414;264;451
00825.ppm;1083;377;1109;403
00825.ppm;750;470;777;497
00825.ppm;617;385;646;420
00825.ppm;632;380;675;414
00825.ppm;1074;538;1099;563
00826.ppm;334;184;460;283
00826.ppm;521;301;557;338
00826.ppm;544;475;572;504
00826.ppm;963;457;1012;502
00826.ppm;549;481;576;505
00827.ppm;602;369;699;448
00827.ppm;332;381;395;446
00827.ppm;538;475;567;506
00828.ppm;820;446;867;486
00828.ppm;855;383;931;456
00829.ppm;775;326;846;398
00829.ppm;1023;313;1096;380
00829.ppm;182;476;208;499
00829.ppm;522;165;598;241
00830.ppm;256;377;290;409
00830.ppm;291;333;327;360
00831.ppm;975;369;1010;407
00831.ppm;110;21;313;164
00831.ppm;621;445;640;463
00831.ppm;753;508;774;530
00833.ppm;775;328;824;379
00833.ppm;506;397;541;429
00834.ppm;1125;263;1185;325
00835.ppm;762;414;794;442
00836.ppm;59;363;87;396
00837.ppm;109;407;138;439
00837.ppm;1196;366;1267;426
00837.ppm;1095;429;1120;457
00837.ppm;1097;432;1116;451
00838.ppm;1065;379;1098;412
00838.ppm;441;416;469;448
00838.ppm;405;653;541;775
00839.ppm;303;413;344;454
00839.ppm;1237;343;1278;389
00839.ppm;1234;293;1278;343
00839.ppm;301;362;343;408
00841.ppm;594;483;623;510
00841.ppm;594;511;625;548
00841.ppm;615;471;637;492
00841.ppm;890;389;912;414
00841.ppm;885;386;915;418
00842.ppm;1028;227;1089;294
00842.ppm;704;391;747;428
00844.ppm;978;330;1011;364
00844.ppm;387;681;509;785
00845.ppm;959;415;992;445
00846.ppm;354;479;537;640
00846.ppm;318;511;342;535
00846.ppm;371;382;407;419
00846.ppm;1088;343;1129;386
00847.ppm;926;131;1081;260
00848.ppm;266;74;434;223
00848.ppm;983;238;1055;310
00848.ppm;307;70;416;177
00849.ppm;398;358;442;414
00849.ppm;939;397;963;420
00849.ppm;679;369;747;434
00849.ppm;395;415;435;456
00849.ppm;672;361;763;444
00849.ppm;369;517;393;542
00850.ppm;973;373;1005;402
00850.ppm;631;401;661;435
00850.ppm;392;278;492;373
00850.ppm;351;271;459;380
00851.ppm;1092;309;1146;369
00851.ppm;289;322;358;387
00851.ppm;894;442;923;469
00852.ppm;1087;276;1144;329
00852.ppm;1023;468;1047;489
00853.ppm;936;383;973;418
00853.ppm;893;442;918;464
00853.ppm;683;485;705;505
00853.ppm;942;414;971;446
00854.ppm;616;417;669;470
00854.ppm;1174;250;1254;326
00854.ppm;1170;306;1210;341
00854.ppm;817;448;844;471
00855.ppm;1035;348;1106;412
00855.ppm;1033;349;1105;415
00855.ppm;1009;419;1036;453
00855.ppm;1149;288;1256;391
00856.ppm;468;448;502;481
00856.ppm;469;417;502;453
00857.ppm;1129;261;1223;354
00857.ppm;1157;439;1187;463
00857.ppm;851;430;875;457
00857.ppm;420;654;533;782
00858.ppm;613;445;647;474
00858.ppm;700;448;727;473
00858.ppm;811;432;840;463
00859.ppm;746;408;784;440
00859.ppm;575;416;626;459
00860.ppm;1079;141;1168;233
00861.ppm;566;482;590;508
00862.ppm;283;426;360;501
00862.ppm;1217;337;1310;404
00862.ppm;609;472;633;498
00863.ppm;421;408;455;450
00864.ppm;911;444;934;464
00864.ppm;543;644;672;789
00865.ppm;575;491;597;515
00865.ppm;338;185;434;282
00865.ppm;370;477;427;533
00865.ppm;992;476;1016;500
00865.ppm;134;283;166;323
00865.ppm;864;469;886;492
00866.ppm;1002;395;1030;426
00867.ppm;1098;383;1173;454
00868.ppm;872;451;896;470
00869.ppm;136;266;275;366
00869.ppm;346;375;423;447
00869.ppm;647;349;720;435
00869.ppm;1229;309;1314;391
00869.ppm;56;414;128;475
00869.ppm;642;428;692;478
00870.ppm;908;461;980;524
00870.ppm;1028;441;1048;458
00871.ppm;375;442;406;477
00871.ppm;1275;382;1308;417
00871.ppm;371;405;409;445
00872.ppm;319;415;350;450
00872.ppm;939;407;969;441
00873.ppm;615;455;666;510
00873.ppm;529;492;567;527
00874.ppm;587;453;650;515
00874.ppm;1236;385;1301;455
00876.ppm;461;469;491;497
00876.ppm;775;477;798;498
00877.ppm;552;593;572;612
00879.ppm;294;532;343;574
00879.ppm;986;506;1028;546
00881.ppm;1132;561;1165;597
00881.ppm;479;540;513;582
00881.ppm;478;549;507;579
00882.ppm;249;542;316;612
00883.ppm;615;576;642;600
00884.ppm;852;513;886;545
00884.ppm;854;473;889;510
00885.ppm;230;392;300;475
00885.ppm;206;530;283;613
00885.ppm;237;471;297;542
00885.ppm;209;610;269;679
00886.ppm;622;543;682;610
00886.ppm;816;516;839;542
00886.ppm;814;539;842;567
00887.ppm;850;520;880;551
00888.ppm;614;191;649;231
00888.ppm;1009;448;1044;494
00888.ppm;301;197;339;243
00888.ppm;412;518;451;555
00888.ppm;227;537;253;565
00888.ppm;213;528;257;569
00888.ppm;986;314;1046;375
00889.ppm;685;498;716;530
00889.ppm;689;530;713;555
00889.ppm;827;601;855;627
00890.ppm;598;504;626;531
00891.ppm;748;551;766;569
00891.ppm;474;555;492;577
00893.ppm;816;477;848;507
00893.ppm;1166;566;1194;592
00893.ppm;905;613;951;649
00894.ppm;1085;475;1135;528
00894.ppm;1098;530;1126;566
00894.ppm;603;592;627;616
00894.ppm;387;525;414;554
00895.ppm;192;480;239;529
00895.ppm;961;412;1015;466
00896.ppm;812;416;844;450
00897.ppm;268;589;438;735
00897.ppm;712;579;731;599
00898.ppm;815;508;847;541
00898.ppm;318;501;355;540
00899.ppm;864;481;925;537
